37.6507
85.1985
12.653
99.234
44.9171
4.83413
44.4533
86.578
69.9942
62.212
92.6664
26.429
60.4694
70.278
1.29704
88.1649
53.9598
28.9132
82.4854
50.0931
21.4454
57.4602
31.37
17.243
26.4046
79.7906
83.4193
11.9999
65.4042
65.0441
4.68764
65.7216
5.75274
77.1569
55.7756
89.4436
85.8699
36.2896
19.9896
51.8357
93.936
45.3139
36.433
42.4848
90.5332
84.4417
28.5623
48.6709
90.8322
27.1676
68.923
23.7342
71.9657
80.6146
70.5802
75.1762
21.25
3.39061
46.0067
50.6027
90.8231
4.18409
23.9143
49.6689
74.3645
74.0501
64.7603
40.0769
71.5262
55.6902
65.4805
5.86566
55.6627
2.73751
94.1404
5.98163
10.4984
32.2092
45.0514
71.395
51.4115
23.2398
55.0707
18.7506
96.8474
65.2577
71.5995
8.80154
5.6032
8.6581
13.0222
27.6742
45.558
21.1798
12.1097
19.0802
9.41496
3.04575
83.0866
45.6923
43.2264
64.0339
2.91757
7.67235
3.15256
15.5675
47.5448
96.6369
6.23798
80.99
73.5435
12.9948
90.7071
77.1172
85.9767
25.0069
51.4817
70.2109
82.992
97.4517
66.509
59.4775
17.7923
68.2394
79.5434
91.2534
68.6209
0.943022
54.9852
56.9536
57.3595
91.464
70.4276
77.9534
7.43431
56.8957
62.508
30.5033
81.5455
84.7743
91.7356
13.8127
89.938
70.7694
41.8439
14.4047
9.80255
22.9957
19.3884
69.9057
6.43941
61.0645
69.1214
85.3664
96.7711
87.9452
70.8304
5.24308
45.9059
62.8529
33.2591
94.1862
37.315
53.1999
50.7065
29.6915
7.26646
93.7925
37.9467
59.8804
84.1456
31.3639
9.10367
29.3405
23.2612
82.6228
16.0833
26.3405
77.8527
83.8374
12.2196
54.4084
96.7559
60.21
56.7278
81.4661
89.5291
93.0693
25.5898
69.628
49.5621
13.0375
44.557
38.7921
75.811
97.3327
9.77813
67.1316
83.7977
99.2431
11.8229
81.6462
46.4827
87.9971
28.5836
41.8531
55.6749
27.1004
2.79855
69.7897
44.5387
69.274
69.7439
29.4076
61.8671
96.0906
50.7401
8.54213
38.7646
80.5078
78.1335
6.49434
38.3007
0.350963
67.3208
80.4468
28.8247
80.9168
1.47404
53.7706
71.511
94.7569
44.6059
39.3841
62.8254
96.8749
48.5427
81.2586
22.4525
23.3711
69.5029
67.2292
67.4062
31.6721
59.8529
16.2175
62.8407
10.5197
50.6943
92.993
90.3104
37.785
90.8811
53.5661
23.9662
14.2735
58.1164
74.4499
55.4613
51.6312
7.7517
68.7368
58.0401
42.4665
74.8985
42.2925
30.5551
90.8414
95.468
93.0845
11.9968
31.2174
61.8152
6.77206
7.11997
14.0294
78.5699
51.7777
13.8585
85.9554
34.2509
26.8227
93.1089
43.0555
54.3809
64.1896
71.5262
84.9055
51.6373
41.7188
17.9571
47.7828
38.6944
6.77511
84.1273
45.1369
19.4159
65.2089
50.1907
93.3592
23.9662
38.4899
65.8406
51.0605
3.49742
42.1583
27.485
49.9619
50.0381
88.6471
82.2321
45.4543
57.1978
67.684
99.2401
65.0899
87.3196
7.32749
99.0661
82.9707
60.7013
68.807
81.6675
98.3032
32.5083
78.2739
43.6415
46.147
73.0186
48.5824
25.367
18.5064
16.7882
94.2625
78.634
23.9387
96.4293
92.7427
95.41
63.7104
26.5297
95.0194
88.3938
52.7268
53.444
38.8379
63.8997
63.2862
36.491
67.5832
77.8039
19.8218
76.2505
7.88293
15.067
22.7454
55.5284
9.21964
83.5871
29.5053
8.67031
98.4924
62.8468
71.0074
84.7957
52.8031
98.1536
31.5134
20.6122
43.5133
80.9442
70.1437
88.4426
54.7014
5.89923
12.0823
35.0261
29.1787
45.4176
87.6705
76.8273
45.1674
32.078
47.4441
67.3513
76.751
89.7763
31.2937
2.20954
41.2488
4.08032
19.8462
77.4743
86.6451
72.5181
46.1898
66.9729
22.1473
25.2998
96.0814
34.1807
45.0789
57.2527
74.7581
44.2915
67.1346
61.4429
68.4774
92.1079
93.2249
5.24308
78.8934
11.3742
55.9343
39.3597
58.4338
81.2006
58.8275
80.5109
24.7536
95.1445
31.608
58.3728
82.4335
8.652
50.3647
67.391
30.0211
30.4361
25.9499
14.1087
80.5506
73.3879
13.6753
0.628681
73.6686
30.7291
47.3861
34.8277
7.47398
92.9746
51.1093
7.95007
68.2272
71.3157
31.3456
30.2347
86.0195
43.1074
3.15867
65.1357
94.5524
85.0276
53.1724
52.8336
23.1422
9.55534
92.6115
63.6067
99.0875
70.4276
3.49742
71.7338
88.4671
52.6109
31.1655
90.4996
53.621
12.5187
26.1422
58.9892
55.2751
84.0327
88.6105
21.2409
77.575
15.9459
18.5034
88.4243
4.05286
56.5203
24.424
24.6315
22.7485
50.6973
94.4487
46.9588
88.4915
65.6575
81.9575
80.4285
20.5939
10.3061
9.69268
58.446
63.9912
64.3574
45.0301
9.3997
91.9797
82.5617
49.7147
19.9835
78.7011
89.8251
57.1093
15.9368
19.4555
32.6975
80.1233
50.7614
27.015
3.00607
2.91757
43.1074
82.0215
99.118
59.5538
53.3738
65.6056
40.553
52.6139
40.2387
52.385
1.5656
15.07
87.6553
91.9156
79.2566
68.3859
43.0036
56.74
61.8763
80.0439
57.0055
85.1955
13.0039
73.6259
65.9932
97.0244
37.1197
94.5463
7.22068
10.004
42.2559
84.5668
7.78832
35.6761
65.3615
68.2455
37.8246
82.2474
75.9697
4.40382
68.5537
42.9212
23.8227
5.78326
25.8827
97.6531
46.0616
79.9615
80.105
6.52181
99.6063
94.6928
62.3524
22.8278
34.3669
20.8045
48.4787
4.04675
72.8935
55.7482
0.885037
48.7533
12.0884
80.9137
9.03348
37.6446
12.6438
55.8977
19.1809
6.79647
91.7539
2.78634
94.0153
31.2876
84.8109
83.6238
92.7915
47.2457
91.6562
24.1188
12.6164
90.5667
73.0247
86.8496
81.4692
80.3034
12.8147
46.9131
43.5987
24.9336
11.8107
73.3207
27.9763
79.6106
28.4463
69.1305
40.3272
32.4809
32.2947
73.5099
69.4418
48.2711
85.8791
78.8415
48.3749
47.1969
20.3925
65.9871
61.153
47.3586
21.0395
10.8463
35.5907
48.7411
87.5271
65.3249
12.9032
86.935
85.3938
65.8376
34.6751
34.7026
53.8102
72.4876
37.8338
79.5526
85.3969
92.0225
98.2757
55.3667
43.7757
87.7132
13.7272
56.2975
34.4462
29.2673
66.5334
10.9867
94.5677
85.9127
56.8712
45.2834
17.3467
15.7537
47.1908
11.539
76.6289
54.564
8.35292
12.6682
67.2567
57.0971
8.1637
99.0051
26.9326
94.0886
32.9203
66.1855
55.1256
58.0035
82.6044
32.1085
94.6684
80.752
30.2896
21.1371
91.6776
16.3945
86.4925
33.6192
99.4385
92.056
58.974
28.9315
41.8348
80.0745
48.7136
0.0824
1.98065
94.6257
72.6218
68.0807
51.6923
65.8345
53.6332
74.1142
87.3653
94.5952
68.8314
97.7355
87.9604
41.1267
96.176
79.1406
60.6769
50.5051
50.4959
73.6717
89.9197
68.1845
49.3973
16.6784
55.2507
48.6984
99.6185
26.8441
33.8755
10.6662
44.5784
26.1116
53.3555
41.1969
63.6402
4.36415
10.1108
2.81381
63.7867
6.9277
19.3976
46.0982
54.2802
73.0522
12.3356
81.0633
44.966
3.50658
45.6374
10.474
58.8458
85.4121
39.6496
78.2067
99.5087
52.382
10.3671
35.7494
64.0797
8.18506
10.9775
80.0256
42.3261
91.995
48.6435
65.5965
92.4741
13.3457
92.053
44.4319
34.4493
34.9742
35.4686
36.3262
51.1063
31.6141
34.8247
83.1141
38.0871
2.89926
81.5058
89.7885
92.9624
68.4927
29.4626
5.66729
84.2097
23.5603
41.2763
48.7381
90.762
82.7509
68.7765
26.249
52.6292
90.7254
33.8664
54.7563
23.3039
27.4636
25.1717
32.6975
64.5711
86.404
76.1254
68.6178
74.2759
53.5295
40.1166
18.1951
87.7682
65.6209
28.367
33.1889
43.5835
75.6676
26.0872
75.4021
54.0178
3.67748
52.5956
98.825
71.1936
0.946074
81.0205
53.0778
89.2788
5.91449
83.1721
11.2461
73.4428
19.7943
15.2593
75.2586
56.2273
79.986
10.0375
61.9434
91.8821
59.5203
91.0306
22.8614
9.36308
70.6015
74.4346
1.05899
54.5946
0.323496
74.3675
77.8558
62.5721
56.8255
77.0623
12.7873
50.029
53.8194
99.588
29.8746
69.1946
11.8198
98.8281
53.2518
13.3213
4.0315
46.2264
45.378
14.6184
25.1198
34.019
50.8988
25.1381
10.9409
28.5043
99.2859
21.3599
87.3928
36.0302
69.4052
22.9835
76.4763
97.2808
69.1153
66.6311
37.7056
75.5394
33.0393
25.0435
73.0308
54.4877
91.6227
12.418
73.2994
11.2278
14.5848
66.5059
34.4981
80.108
81.9514
48.0697
21.8329
72.9911
85.7051
48.3871
9.76897
71.6147
15.2593
45.3597
76.1834
57.6189
29.841
98.88
78.7469
95.9227
70.8792
26.0842
91.6684
37.0159
17.6092
47.1419
30.8725
53.8499
38.9294
42.1247
45.848
78.8995
44.6883
9.66826
6.14032
57.0635
89.4925
68.0288
60.7776
80.0043
32.2031
89.0957
98.6084
17.542
4.21155
6.09455
87.7712
11.7801
89.6237
85.522
22.4006
49.5163
70.4794
3.94299
54.6617
78.6096
40.1532
20.3528
40.2631
83.9259
38.0352
84.6034
75.5852
88.4823
8.61843
72.6341
54.5305
95.3856
38.139
89.0744
23.2215
36.2346
71.865
27.8512
60.68
41.612
65.1875
31.4219
63.5914
99.2279
71.63
39.2865
63.3229
15.4118
20.8686
66.3503
53.2823
45.555
89.9594
1.83111
54.7349
9.09757
20.7984
69.274
99.2523
54.7502
87.0754
38.3251
55.8641
91.4762
63.6647
28.9041
81.0724
50.9873
1.78228
98.3703
19.8431
97.2686
62.859
52.324
35.6975
48.7899
14.3559
69.6707
98.0224
29.0841
40.6293
82.5648
4.73647
11.2186
71.926
1.85247
68.4591
71.8741
84.7072
28.6813
44.2183
20.5939
76.3604
42.8083
26.957
19.8767
67.4581
8.34376
96.8474
61.6871
34.6812
87.4966
40.5744
16.068
27.5246
2.90231
26.7708
17.423
71.9352
39.2956
63.628
4.12915
13.9592
24.9702
16.8676
77.0928
6.58895
83.8252
16.2206
92.88
92.8648
98.4954
28.4768
57.0421
88.4182
75.2647
25.2632
33.2469
16.5349
51.3474
23.6946
33.8878
98.9044
35.1909
27.9733
7.71508
55.1103
20.3955
50.1206
90.2188
14.1148
63.9088
37.9009
32.2733
90.6949
69.0848
88.1313
72.7866
30.1065
64.2689
73.4428
70.8701
74.0135
17.5054
60.6464
63.2313
50.8103
78.0053
48.851
62.3768
43.5408
84.9849
5.39262
61.2629
38.4167
34.55
27.7718
60.0208
7.15964
45.1582
9.67132
80.3736
26.2673
12.3814
39.2254
83.3644
86.285
93.5453
7.61437
56.0442
94.2656
12.8422
56.1541
82.7296
22.5074
27.6345
39.9701
66.4388
6.72628
46.4614
36.4177
16.1687
46.7391
39.4574
76.3451
65.6148
12.8147
31.785
26.3192
38.9294
10.8463
20.6671
99.9847
29.2276
9.3997
6.71407
26.6121
5.37126
81.811
80.1141
55.0371
12.7232
66.4632
52.327
21.0273
83.4559
98.3398
73.928
56.3158
22.0527
14.9785
29.1971
67.2842
81.6706
90.0204
48.0941
61.568
96.8749
97.3235
26.2398
50.5936
88.5098
58.974
93.5331
6.23493
6.23798
80.1355
22.0252
99.6948
24.3995
23.9753
13.6753
0.723289
56.8194
29.7372
58.62
65.3554
6.18
27.1096
4.54726
90.1761
13.6021
50.0107
27.8939
61.3941
24.0333
2.89926
47.3403
76.7144
33.0851
82.7815
70.3787
68.1967
30.9488
9.95514
13.4861
4.23292
8.98465
70.7266
86.5658
98.7274
44.673
25.1106
82.2504
5.64592
30.4453
82.7479
60.7501
27.0455
62.1632
0.0640889
70.7968
12.6682
52.7299
1.87689
97.3663
79.3237
86.5505
80.5261
76.7724
28.0587
80.4346
75.6615
69.7928
87.3592
66.567
87.8475
33.3811
60.4083
63.1825
29.0445
81.7011
4.59609
48.5336
63.1672
76.9707
21.3904
3.83923
39.7717
40.8734
84.6431
40.7819
74.0593
27.0882
85.5403
79.2047
76.2749
45.5428
22.2633
90.6278
83.6604
79.0948
12.5004
73.2139
98.059
83.1965
56.9292
73.809
82.3176
9.20438
31.8125
22.6569
18.5949
41.9324
38.8134
96.4599
81.7255
92.0988
90.1639
75.3655
30.7199
34.2692
57.3077
9.53703
71.5781
30.9671
61.153
60.9211
94.5128
33.4849
32.0383
35.8013
38.6914
0.122074
17.5634
73.8578
87.6888
22.4311
66.39
9.23795
48.6618
0.0579852
66.1336
69.3716
18.5003
54.8814
63.5121
27.0486
89.9899
25.0191
44.8042
71.514
1.12003
29.3374
4.83413
14.066
80.7337
43.1043
82.5037
93.9024
93.527
75.3777
91.0947
99.7375
37.6446
88.8211
21.3996
72.9148
97.9034
52.4674
45.8388
7.55028
7.80663
68.1753
1.66936
13.4037
23.5176
61.2964
81.4447
57.0238
62.7888
76.2535
8.77407
46.8978
12.1342
67.6107
27.6376
78.1182
55.2599
27.2896
83.2118
2.28889
25.8858
38.5327
22.5013
38.2153
38.1542
97.2533
92.7824
89.0622
97.6653
91.3907
66.0054
81.5668
46.3057
78.9117
67.3605
92.9685
44.0168
55.0493
35.9996
81.2372
40.5774
49.4339
96.1669
84.2555
40.5438
43.7391
66.7562
3.57372
14.5146
50.4471
87.5179
38.3587
59.7766
43.379
89.9594
85.1527
63.4907
80.6208
91.1069
69.097
71.572
10.416
38.2397
22.2175
16.3213
0.747703
82.754
74.3919
5.99994
83.1355
11.185
72.6585
29.432
51.323
11.6825
94.4548
78.7561
5.49944
3.85144
70.4428
43.4919
82.6167
10.2908
82.5037
79.0124
63.4846
97.7874
52.5803
2.54219
97.2533
66.3991
87.9543
19.8401
33.8878
14.5238
98.5809
35.6548
5.29191
58.0309
52.1348
51.0971
45.674
31.6385
82.3847
1.05899
91.8119
50.6668
16.48
34.8003
53.798
61.2232
36.845
92.7946
96.9695
57.0269
43.2417
83.0317
25.5257
90.9268
30.665
9.83001
8.59706
59.3127
48.6801
58.3239
39.2712
87.4599
57.8417
87.7346
67.275
94.0001
48.7808
36.5551
95.9227
62.6148
39.6435
92.7915
83.9076
99.0814
17.4505
32.3344
42.6618
1.77923
39.0454
78.6584
69.7958
23.838
57.2222
86.8984
9.31425
54.9547
87.6888
5.49028
79.2322
1.11698
82.4549
18.482
57.1551
90.2738
25.3243
21.5979
64.5558
82.0917
15.0395
35.2519
40.2387
9.99481
51.7838
7.57469
43.7513
33.5032
92.6054
10.6449
79.2474
29.0597
91.4212
82.9463
80.52
97.4731
89.2178
21.2958
47.7889
16.068
70.0613
75.2953
76.8517
13.7181
48.5763
47.4197
71.2577
96.8139
4.46486
51.9303
78.1121
4.35804
29.7403
35.6853
38.1329
20.2948
4.27564
13.9958
90.6095
21.1585
65.3035
24.6345
23.8258
87.2341
86.4742
53.1419
11.6825
55.2965
32.1146
32.5449
27.0058
41.0871
2.32246
70.632
72.2892
9.63469
34.4768
7.84631
18.4149
21.5613
76.8395
59.0197
92.0499
33.4849
99.8474
41.9843
2.2187
80.6421
60.7227
46.2539
46.8612
19.8737
87.0418
44.8378
89.8099
61.0858
94.8363
2.35298
48.9547
65.3035
6.94296
82.5861
86.1507
37.4523
87.1334
8.51772
39.4848
92.0194
55.7024
78.1121
88.6044
19.6234
2.12714
88.7906
93.6033
32.7769
60.4328
73.9006
98.2482
18.7994
62.8437
4.18104
38.023
78.1182
37.4248
57.4084
43.7178
76.0369
65.2608
9.32035
81.1304
86.111
62.8437
48.97
17.5298
53.2456
5.27665
71.5995
55.5254
54.6403
55.9313
52.1866
24.9001
86.7214
18.1585
52.794
73.1254
56.1632
74.7154
66.8081
45.088
3.14646
30.488
53.2304
92.7366
34.9712
24.1981
64.1346
5.20951
98.1201
24.6284
18.4027
0.122074
66.9637
77.0898
24.897
66.5822
77.1538
15.6682
8.13318
0.601215
81.9056
6.96432
39.6619
23.5298
59.209
40.8673
28.2022
24.1005
48.1979
34.019
71.7093
14.7404
42.6984
61.6321
24.4789
42.7595
20.1483
83.2301
82.4183
47.0656
34.0068
77.9504
39.5856
0.982696
47.7279
55.0707
19.1778
31.8644
38.5022
55.3392
32.0231
58.0432
48.8327
8.7344
65.7643
33.8328
14.0629
64.3269
57.8112
43.1379
44.0657
57.8112
55.2263
32.3252
87.0846
32.374
14.6336
22.9804
53.9903
78.4997
45.2925
95.1842
30.9824
8.34376
48.4787
81.8781
58.8977
30.314
56.2487
65.0624
7.23899
39.4543
22.776
14.2979
21.073
89.288
71.3309
58.272
68.8925
60.7257
50.0443
29.9631
69.57
93.6705
99.6155
76.0888
26.5603
96.9359
86.0225
71.4164
47.4532
2.12714
1.41606
28.5897
76.9677
77.0745
86.3155
44.0992
21.5888
64.4642
76.1742
70.9861
93.9329
61.2995
25.5379
58.9465
54.9058
4.80056
12.833
52.44
81.9178
80.3827
78.9514
87.4386
41.139
17.2979
2.74972
77.4071
92.0194
87.6644
66.5975
29.1971
2.12409
74.3522
15.0731
79.4458
0.4944
23.5176
59.9597
92.0713
47.5509
47.2884
34.6416
7.56859
49.7787
92.2849
51.0758
84.6828
97.2259
39.5795
62.3676
25.0526
51.9913
51.738
84.2036
21.5369
65.8345
32.5388
78.1304
20.7709
54.9608
15.0365
49.9435
40.5927
10.2206
43.5377
66.1702
33.0241
70.7358
65.1784
41.8928
33.3293
39.1491
96.6857
2.9664
85.873
66.6005
81.9453
75.7775
87.3348
85.5556
6.04267
7.65404
37.9498
18.5949
81.3624
71.0959
41.3739
41.3282
71.3462
54.8845
43.8063
27.5216
67.6504
95.2605
52.9893
54.5762
86.1751
50.2335
27.7291
97.4792
97.6898
70.2292
78.5516
89.3735
58.6718
68.0899
70.0797
76.8456
57.9424
41.6639
65.8498
48.0483
44.7523
52.0371
6.09455
61.8274
53.9445
10.5564
59.1784
55.9374
93.8017
77.7642
37.26
62.4653
12.2288
27.3721
16.895
8.64895
6.86972
78.4265
55.092
31.135
94.7996
48.7014
41.5235
81.8445
7.39463
32.5663
77.4987
53.5783
26.0628
56.3738
22.306
3.47606
24.3782
14.4841
97.586
2.42012
32.3038
39.1308
90.3043
88.583
88.113
7.13828
45.0026
53.1693
93.6247
36.7443
85.9554
36.5307
38.374
77.5292
59.7644
62.7491
8.39259
46.6689
39.1705
90.8048
45.1277
14.5909
78.5668
10.5045
70.22
93.1761
61.9037
61.2415
41.7249
29.5938
33.6314
1.72124
57.384
58.9923
53.2304
8.8229
70.6137
19.0161
64.037
33.6436
34.8003
79.4488
16.9225
92.935
41.5448
89.9503
39.5215
23.9845
68.4744
99.1211
91.5342
81.1212
2.26142
47.9781
96.8413
1.93793
52.4461
90.9604
92.9685
21.363
21.7139
47.5845
88.5769
61.7145
48.2498
37.9345
69.57
76.8426
85.7662
5.02029
44.4746
78.5272
36.8664
77.1935
69.6951
23.1941
5.37126
73.7205
45.2681
87.1303
83.1751
6.66524
21.7811
8.28883
37.3211
82.165
9.00601
22.8309
12.9063
54.2405
26.9478
74.4987
17.4047
34.2998
89.8862
24.9947
2.09662
9.38749
64.0522
43.44
6.14338
72.4052
89.5718
3.07016
79.0429
17.3009
7.27561
63.271
46.971
2.49336
81.0358
65.1051
38.7463
35.5388
56.209
18.4271
36.9488
82.2138
44.8744
8.74966
69.8843
53.1663
78.4204
1.91351
9.9704
71.2088
18.1463
74.7948
94.2412
72.396
64.5314
50.0534
32.4625
44.0382
55.6963
63.1642
18.6743
52.7329
95.8129
39.7534
11.5787
65.5629
3.97351
11.4414
99.5727
17.6
24.2378
48.2803
15.9185
28.8095
87.3806
35.8928
19.7882
23.4962
65.0838
75.5181
8.71609
55.4064
7.08029
34.9651
78.1213
91.6349
1.98981
28.7332
93.5575
58.4307
52.3453
55.3117
91.2412
2.06
4.55641
69.8538
72.5639
67.8243
24.3629
20.3131
8.15149
50.3342
58.4063
25.2083
17.1209
18.2745
72.5822
21.0822
37.1624
66.628
7.76086
57.8265
51.0636
99.6155
43.5285
69.985
85.3114
97.3968
10.535
2.16071
46.3759
69.7012
42.143
16.6509
10.3336
49.498
5.90533
61.4063
31.4097
29.8135
5.60625
26.5053
85.1222
96.8566
94.3876
67.214
11.5787
62.5416
89.6634
21.7627
74.6605
49.5743
30.4086
1.98981
2.56355
32.1757
67.452
84.9544
25.4952
85.6075
27.3995
83.6482
76.0094
47.6028
40.8368
24.9397
67.684
44.8653
75.3716
12.8758
17.7374
87.6888
64.2323
5.43535
29.2306
85.8943
70.9738
82.9127
98.4436
89.1751
80.9351
36.0057
63.0726
4.97757
60.097
51.7869
56.8987
97.0641
71.9443
25.602
86.5017
17.8106
92.9411
77.1172
95.6664
77.514
17.2948
98.5656
33.1339
3.6195
91.586
13.3488
89.2819
93.234
69.8935
73.1407
17.362
11.8107
30.0821
71.5415
4.97452
41.3587
41.8287
2.50862
11.3071
31.1045
27.0272
41.615
35.8684
53.8652
3.21665
78.283
34.2631
21.189
50.6333
77.1264
46.675
60.4297
93.5179
96.53
54.6617
6.84225
36.314
42.5398
31.9041
13.8493
45.3688
86.2911
4.51979
34.5958
16.7608
22.9743
86.5749
77.9168
20.9082
0.592059
6.39973
91.8516
64.5283
96.4995
89.3979
77.8069
60.6189
69.9698
12.8483
88.5342
47.0901
68.8589
98.4954
12.9826
44.6272
18.4667
58.3636
1.236
94.4456
70.7785
59.6026
32.5755
66.5609
42.1674
23.838
79.8547
79.1803
17.7068
26.7617
73.278
19.8584
50.2029
13.5166
16.7241
9.04263
32.0841
95.5412
59.7308
96.6094
68.2699
44.4563
78.2678
32.0383
28.1167
48.7106
67.4215
98.8678
4.63881
48.4664
99.1302
53.9903
59.032
14.481
48.0667
62.4958
78.695
86.5658
38.8256
68.627
26.8502
37.1838
17.5115
93.4874
11.9083
75.9423
0.872829
0.149541
54.6525
60.4694
6.10675
16.7791
81.4051
29.3985
14.4383
58.3392
21.3324
23.0293
71.6208
37.611
35.9325
7.31224
78.4783
6.08539
58.8885
66.7898
74.6055
15.3294
74.4072
82.0826
68.3676
39.5215
12.1525
57.6098
16.303
49.7238
86.9137
15.0822
5.06302
80.5536
61.0981
18.4912
39.0332
79.8486
58.2354
46.1196
86.7244
81.9697
5.56352
75.2861
89.0835
95.3612
33.8511
95.3825
82.8577
44.9995
12.5523
14.8808
42.0972
60.3442
48.4695
77.8985
90.9665
49.4125
25.9804
55.9313
90.9665
49.6353
17.0293
30.4788
55.6841
96.0753
38.9447
32.0292
96.2249
97.6562
88.2321
51.1856
50.4135
62.038
28.489
87.4355
98.9349
59.7339
60.5304
51.2711
21.4728
68.1173
52.8703
85.2565
96.0753
85.9371
60.6769
19.6356
94.7325
58.9679
11.3285
28.1747
78.4417
7.40379
84.7133
99.7925
44.7554
95.6633
66.3472
91.641
31.0282
35.1665
1.49846
79.2901
26.4382
60.7746
28.4127
69.5608
95.9227
71.4774
18.7292
91.702
69.158
75.9484
3.296
32.5205
97.6959
33.6375
11.4383
31.0587
33.3995
31.9773
1.8128
98.4863
31.2876
90.3409
13.0253
78.8049
29.9142
31.3944
12.0701
15.9948
12.4119
10.4709
68.7674
43.2478
1.33976
43.5377
34.2662
59.8712
90.4294
24.4606
51.8326
11.5238
66.3595
72.1335
77.926
39.4177
23.7403
98.1048
41.7981
14.0416
26.3314
35.3648
21.6773
19.1321
17.7007
18.8757
65.6697
1.42827
34.431
58.4735
35.5266
51.8998
24.9733
94.7905
1.38554
34.0037
27.2958
78.811
65.6087
24.6986
8.44752
65.688
43.8459
83.7153
19.1626
63.4327
81.4631
16.8096
66.6219
27.1065
33.4208
48.5885
58.5101
39.1705
85.7906
70.51
21.4881
66.5731
46.9619
79.7052
47.1969
35.2184
86.7306
74.279
68.9291
12.4546
51.3321
20.6275
22.1015
38.1939
32.6151
58.504
91.6135
95.2788
19.4067
59.3677
99.2706
59.7369
9.24406
3.68664
34.3669
21.5522
8.59401
92.8343
80.5475
16.5654
99.646
61.1377
42.0881
60.1154
1.85247
3.7904
22.7241
23.0812
6.33259
86.1843
60.1276
40.9406
11.2094
50.3067
69.1794
96.4263
36.0973
83.8679
97.1709
66.4754
43.7727
67.7053
44.0077
74.0562
47.2365
67.1651
50.6333
35.4717
30.2347
83.0287
8.67641
43.8459
59.3585
27.662
94.5708
79.3146
15.9124
41.9721
81.164
86.6421
25.6111
18.7902
30.0333
10.831
14.2491
48.3596
17.5787
31.3547
67.4795
51.5
97.9949
85.6563
22.8248
16.0802
56.3341
22.5288
72.0267
2.4781
54.7075
76.0186
1.87994
33.5521
24.7627
0.424207
51.6739
34.8582
9.61638
57.1001
15.3356
40.6598
8.27052
93.5972
66.4663
31.4035
25.7485
5.84735
34.2967
18.2318
81.9727
23.9692
8.81985
40.2295
82.5922
12.3112
3.07321
89.9686
4.82498
24.4179
50.8225
32.9966
1.4893
3.46385
67.7023
36.9121
76.2902
68.8498
53.9628
75.6157
33.5429
79.5343
66.9485
24.3934
55.446
14.7679
41.4136
11.4475
9.98566
62.8285
85.8364
41.4869
42.6557
58.3728
32.8043
57.0177
55.0829
59.0716
71.6575
52.9618
23.6854
2.11188
41.4655
10.2054
61.5192
31.2204
12.4821
63.7379
76.3634
34.788
34.2143
70.9555
28.2876
85.8028
78.1915
95.8312
39.7015
24.1127
53.6149
74.4774
61.092
71.7399
23.9662
77.8222
45.555
21.7963
2.72835
36.9488
35.2214
91.6806
56.328
46.7879
12.7476
81.1273
92.4162
13.7211
20.9449
25.8095
61.6443
62.7827
3.72021
87.0388
51.0483
70.0278
71.4164
68.215
97.1374
35.7585
43.6811
98.703
96.8352
64.1652
73.0399
75.6737
44.4136
65.0471
2.21259
4.59914
72.5333
43.2264
58.385
29.0048
25.4738
91.2961
37.4615
90.0937
42.7564
51.2864
81.5607
6.88803
81.222
60.9272
2.72835
17.5115
53.7095
50.0992
56.1144
72.2037
12.4821
3.08847
15.6468
18.7353
55.4765
52.3179
55.4186
70.8426
83.5353
19.1107
89.8129
0.259407
86.7702
67.1896
75.5699
43.0464
88.1008
84.46
28.9071
60.7776
22.2022
58.7573
60.7624
47.2365
77.8802
63.1764
83.3644
21.2592
82.0643
16.5624
91.1954
96.3317
53.5508
34.8552
69.4998
67.5436
4.56252
38.8562
33.4544
6.58895
18.305
34.08
51.1399
5.38347
80.6146
28.2907
53.4074
58.9282
93.8475
2.37129
83.7886
28.0648
51.0941
0.125126
91.5891
72.7531
98.9105
52.6597
21.2409
96.4507
66.6036
2.94504
1.09867
92.2819
90.286
46.2233
84.7468
31.5683
9.74456
51.8387
47.9873
85.3816
66.3259
82.1436
94.6257
19.7058
79.8792
74.1172
74.1447
54.8967
32.963
99.2645
64.4368
29.9722
40.3882
67.513
22.6936
62.4653
32.2275
90.6369
57.5976
44.3709
28.4494
70.8914
25.8889
64.861
33.2591
30.4758
6.53096
0.390637
27.2988
47.4349
55.4888
62.8071
85.8272
13.6204
94.3144
46.083
0.9888
80.3705
35.6578
62.3218
36.3414
7.48009
98.8037
7.63268
91.6745
81.1518
18.363
48.5305
6.37226
16.4769
99.2889
69.4449
79.3451
10.1627
21.2531
72.0054
33.668
59.0258
45.6221
66.7104
4.12
9.95209
28.0496
47.5845
75.6584
56.9567
89.8801
90.4965
51.0086
50.8896
51.4512
65.7033
75.4875
37.495
80.4682
5.31327
97.1648
89.404
58.504
16.2267
90.5118
47.6974
18.7994
79.2169
21.6529
38.667
58.507
24.7749
83.3338
81.4081
78.4143
26.3466
77.7367
51.8143
53.3982
1.55034
75.3014
18.7139
86.6176
62.0441
27.6101
17.6305
50.6485
2.65816
62.5324
77.9077
68.6361
70.4031
39.6924
68.7643
38.6425
3.9552
94.4334
79.9188
54.2467
84.3562
48.3718
2.41707
24.5827
87.3592
14.6977
25.2815
46.9161
78.2617
76.2963
13.5746
34.8704
39.6741
64.8549
83.5902
55.4552
72.9698
19.1015
40.6781
77.9992
63.9424
50.2396
95.4436
88.1375
53.4074
92.7244
23.8441
69.9423
3.24717
68.5507
86.9015
9.36003
98.6541
43.1196
75.5638
22.0527
77.0592
0.839259
96.4385
58.7786
24.5186
18.5675
63.9119
91.4426
30.0455
65.0471
14.3956
32.9356
38.6212
4.41298
8.23695
93.881
93.4233
31.9895
34.9467
29.4229
7.96533
20.3406
87.3836
79.1833
58.7573
3.90332
20.5176
53.502
39.0301
80.1385
60.3717
69.1
64.3147
55.4521
78.7835
87.2616
70.3238
13.9622
99.6246
57.7044
93.8841
37.2295
52.0829
21.2348
77.4834
53.1053
36.6436
74.2973
88.0947
41.792
19.3915
48.5733
90.8505
77.2637
20.246
8.77102
68.2577
32.1635
10.7822
21.659
25.5287
24.2958
87.2433
99.5392
72.6829
32.8562
34.3547
71.2577
23.9998
62.4958
45.6374
83.8801
5.5208
83.3857
15.7079
88.1527
11.1637
25.3517
70.3543
10.8676
98.0834
54.2802
49.8825
67.2964
61.9343
8.81985
11.4231
16.7425
82.6533
25.6142
65.8223
14.4383
81.3227
31.0862
14.6886
62.8071
78.8507
27.9946
3.31736
15.2806
97.0031
54.8204
55.0066
35.8104
92.4345
46.1104
2.46895
67.1041
64.391
71.9657
81.9544
10.8463
26.6305
84.7163
5.63677
72.9148
84.2433
50.9812
78.0297
76.751
5.97247
97.174
71.8894
98.0804
32.7006
46.6262
29.3619
23.9662
12.6255
76.4458
3.95215
89.4833
3.89721
72.2098
8.9053
94.9675
35.2031
8.63369
87.6858
57.1459
65.0227
34.3669
72.1458
97.116
30.1157
88.9828
44.0077
18.3813
23.9051
30.3262
65.3005
78.0816
95.3764
0.375378
93.3653
4.43739
9.08231
7.65709
46.0311
63.7135
56.9445
54.4023
32.6731
29.6182
62.392
86.5658
16.6387
58.4429
67.5527
94.8149
24.7963
22.9438
44.0413
44.6242
69.7653
8.1637
18.0303
63.5823
0.463881
22.2846
50.1877
64.0706
46.6018
25.6355
61.1316
29.3954
72.7531
31.0007
43.0128
41.554
7.59301
78.3532
47.8652
78.6828
64.0187
37.0861
93.3134
60.4053
15.6316
38.9599
76.3207
69.1214
45.3688
94.8027
35.5541
25.4067
31.7728
98.1323
53.0015
45.6557
88.6105
68.8253
35.4778
60.0482
23.426
39.9518
66.6494
19.0161
30.6833
40.8826
70.162
66.3045
85.0673
79.8273
74.572
6.73544
50.6424
78.9026
20.6
46.8856
71.4377
64.864
1.46794
36.6588
59.0991
68.6392
76.7907
90.0296
43.2478
36.7565
50.7706
12.9582
0.161748
7.82495
55.2904
16.7241
25.3822
57.1825
28.4524
44.6577
65.9139
62.8132
29.3222
90.5271
77.5994
95.6999
79.3725
36.6375
23.3375
87.7071
71.3431
89.7824
77.7337
80.1233
36.0942
43.1593
53.8011
6.00299
8.10266
42.4146
17.4017
9.41801
80.2149
83.8801
4.97452
54.7472
88.2595
23.1849
10.2115
29.1147
16.1992
22.3548
55.3209
91.1557
62.4134
13.4648
12.4546
69.158
57.7074
7.07419
91.0154
61.7634
75.7317
23.487
56.3158
44.3281
26.4077
74.9718
95.4161
34.0678
72.982
77.1233
95.5657
17.1239
63.329
17.4169
51.0208
90.6674
16.1473
59.1418
63.7837
23.1513
52.6688
8.77407
53.9109
85.8943
14.478
24.9886
45.0392
59.0167
58.1317
97.3785
40.7025
64.9678
67.0919
73.0308
57.1154
32.7036
71.7521
59.0716
28.0129
45.6313
18.0273
79.3329
47.1969
76.4946
75.2342
13.2145
64.3971
62.2883
23.8441
94.9339
0.0762963
22.3273
13.7577
1.20548
94.8149
72.6402
33.6894
5.58794
58.8671
39.7107
82.3298
27.488
37.5713
26.838
81.8781
54.0574
58.1866
36.0942
24.5949
63.0665
73.7877
99.118
92.9746
24.8512
69.8813
19.7821
44.1786
11.5299
49.3301
81.9391
99.3652
91.5189
61.2171
25.2998
28.4982
37.5683
89.288
42.6252
71.337
26.3863
65.5843
1.30619
85.1131
57.976
24.9031
42.5123
59.6637
72.8477
65.7002
60.9699
90.5271
95.1811
33.0515
18.5705
50.676
80.1141
89.3246
94.8637
51.5336
93.2432
88.1649
27.5765
33.8389
0.482192
17.4322
46.3515
79.046
96.3988
26.7037
52.7177
81.8384
49.1195
4.95621
49.4949
74.4163
90.0418
24.1096
72.7561
43.1471
26.2947
13.9622
29.4229
28.2571
4.26344
84.2524
93.6705
47.1145
2.16376
59.3585
65.2364
31.7972
79.8639
41.3739
42.7778
21.5369
64.0461
67.098
15.3874
0.674459
96.8596
74.575
25.3945
22.7393
26.1635
44.8897
5.58489
11.2949
65.5019
34.727
43.965
78.1579
1.92572
65.4012
79.1742
49.6353
79.7998
83.9534
79.7082
41.3984
38.6944
61.9434
10.0253
72.5913
33.5276
47.5631
36.7473
59.8468
15.0365
36.6955
77.9412
81.7927
98.7457
78.5302
48.7716
54.7136
0.503555
81.399
6.5157
9.93683
66.8081
34.4157
48.1521
13.6387
77.8924
10.5594
63.5701
19.6234
51.8876
66.8477
97.6074
95.7579
28.0038
7.15964
23.9906
14.6611
56.9903
23.4504
84.3165
49.2752
76.9219
80.8405
95.1689
63.9241
2.4659
62.3188
76.5801
41.5479
5.76495
38.6273
4.85549
37.6568
17.0232
78.9636
42.964
1.67241
22.9652
68.1265
51.5763
56.3128
91.2564
45.7533
33.9152
75.5486
99.0295
33.2194
17.4993
51.8845
93.6399
63.8844
25.9316
93.4629
63.7867
82.2748
43.852
41.7249
49.0677
27.8268
28.1838
50.1663
66.1885
68.8498
68.7887
14.8778
79.8578
2.27668
51.6617
97.4578
96.5514
84.8964
27.7902
30.9153
9.25626
11.6123
40.8094
49.2538
71.3157
6.45161
16.5563
31.251
27.4819
41.8409
67.684
99.173
80.343
51.8601
16.4006
62.9719
20.2124
55.0584
88.5678
50.6088
96.643
52.4613
82.1284
15.1708
59.6179
16.3976
63.1367
59.3158
48.6618
35.7952
92.4314
67.7816
57.8661
33.4941
36.0851
88.4793
55.0554
21.3172
62.7888
52.8855
83.1507
8.41701
81.2677
76.2932
21.9245
28.5867
20.8472
28.5653
38.1909
2.13935
8.34071
16.0466
2.61238
97.9797
44.3129
65.215
1.25736
11.4872
31.9102
48.7014
19.9561
23.8777
61.3453
44.3678
29.6884
58.5894
3.16172
67.9556
51.0453
0.396741
13.4434
70.04
25.9041
92.8373
4.01318
37.8368
74.4987
79.5709
80.8466
92.5413
65.9169
5.32548
3.73852
22.776
80.2301
42.0484
70.4092
44.8164
90.3501
55.8275
78.1243
30.1859
41.7066
80.3217
65.9993
91.2687
57.9547
12.2166
91.0977
65.5385
50.7218
94.4029
41.4014
89.0774
61.6291
2.44758
38.8806
99.939
14.6489
0.0457778
35.6822
62.0472
6.9277
79.0033
56.621
50.2121
16.2297
49.443
91.1008
86.9167
53.0839
95.8312
87.5393
71.4743
35.8135
64.4246
53.4928
92.1995
16.5105
97.8179
14.5512
62.212
36.137
82.165
35.1573
69.5029
36.8328
22.7271
54.442
81.8659
9.58892
13.3824
40.26
97.3632
5.39567
15.6682
14.4749
80.8985
87.9818
13.0589
52.7024
77.5719
56.2883
56.035
11.5482
43.3851
14.7954
63.6158
86.5413
83.9991
19.837
96.9604
53.8316
42.0789
79.9738
70.6381
98.8433
23.9326
38.6486
17.2704
84.9086
5.99994
17.1575
71.0685
65.1143
11.89
46.1074
85.9584
90.4111
0.506607
63.4785
53.914
17.1575
55.9648
7.40379
39.0973
67.1743
19.8737
81.811
93.4477
43.4858
56.6362
23.0354
69.3319
54.857
92.3765
45.5367
94.9126
52.205
18.1158
94.8363
27.8024
30.1004
97.8637
85.8119
52.7177
96.3988
72.161
54.4786
38.6212
63.1642
97.8301
1.33976
21.1554
62.0228
14.4078
54.5061
25.8095
37.0495
78.0145
30.6284
97.5982
18.305
53.2029
21.836
52.7573
29.1757
3.4547
86.758
18.186
30.6223
70.9281
73.7754
74.1722
55.4796
86.0836
54.6434
66.0665
35.8989
97.8271
96.5484
0.543229
77.0928
64.7877
50.8072
92.053
80.4926
98.3367
86.2911
75.0816
69.451
98.0071
45.6496
47.8622
20.5878
69.9118
52.5864
63.1764
53.9598
68.8009
48.1887
31.8033
85.0978
54.3626
84.4813
54.3535
92.1232
2.42317
53.3586
46.9802
1.01932
61.6657
78.9789
76.7266
42.1827
96.4202
51.7502
72.0023
81.3776
6.30512
32.075
23.9418
78.2617
63.1764
1.8952
44.1755
75.5608
56.1052
92.2727
94.6532
72.0084
85.0154
65.0166
55.2171
82.2504
93.5423
76.5831
44.4411
36.7321
81.7835
2.29804
59.4531
24.7963
89.581
49.0616
50.2976
34.0434
90.9024
34.6629
94.525
89.114
90.0052
61.8091
87.5637
43.0036
59.9719
65.0197
14.5817
24.0577
14.246
58.4857
19.3823
91.7478
51.8357
63.0421
36.0057
4.33363
66.7104
40.3424
98.6633
51.6404
62.1601
12.4241
95.5931
55.8855
60.5975
94.7172
82.5159
93.9177
49.5224
20.658
21.2592
43.7666
54.2405
86.0622
59.2242
8.81069
77.9687
91.2961
15.2654
22.5562
99.9329
9.46074
87.6858
87.2158
72.1122
58.6963
49.8856
49.2325
5.24613
6.63778
49.3667
64.7969
84.7041
85.3236
75.6432
58.5681
6.87277
44.4777
12.7598
28.6538
76.7022
21.485
41.9874
1.02542
56.9506
56.032
10.3366
86.462
9.86663
27.6193
30.5216
43.1471
21.8726
44.0504
27.9977
98.0956
51.8326
59.035
0.683615
30.4331
93.643
46.9863
7.02231
69.7836
93.6705
13.2054
47.9629
12.7506
13.6876
67.513
58.5345
10.7456
79.986
39.5093
74.5994
32.2062
9.18912
63.5395
90.4416
52.3392
51.4969
11.5177
72.7836
73.5557
41.9111
1.7304
46.8917
29.6793
0.0976592
61.742
20.3619
77.0745
69.5242
73.5191
60.2374
25.8034
36.4452
78.9087
89.05
13.9653
19.4403
73.6137
15.4698
78.3044
70.043
67.7267
65.1143
24.2439
75.1488
41.0321
27.192
48.4603
1.80059
71.1417
82.5983
17.1178
75.0114
62.6057
29.0567
52.8916
29.1421
55.1195
69.0023
33.9
23.6335
38.9874
75.7256
57.6891
63.5487
55.8977
3.50963
73.3726
15.6621
13.1901
57.3199
35.0597
60.6647
89.7519
87.6797
79.7021
72.1305
61.5802
26.3802
82.4702
62.862
25.2632
28.6386
92.8129
89.2666
47.3983
37.3119
4.2787
54.3229
18.1005
34.8094
61.2873
99.8474
36.784
98.3428
55.8916
28.6142
8.2522
24.0883
17.7496
47.0077
77.2881
35.9661
50.3769
68.7735
79.8273
44.5631
16.7669
70.5741
38.8775
71.9169
27.6315
39.8755
83.2881
7.71508
35.2275
5.89007
17.4627
12.598
86.0195
94.1221
20.2399
34.1197
35.2367
95.1598
0.915555
51.0544
76.4885
88.406
90.6949
11.6459
89.5108
11.2491
97.5707
81.4142
59.2364
14.4078
2.81991
66.1641
69.2587
94.0367
27.2469
25.8339
22.8401
41.1664
45.2284
44.7523
94.5891
99.2279
74.7826
73.986
65.9047
70.1407
21.717
11.3895
47.3769
59.6942
6.01215
34.9681
41.1847
2.8077
48.5519
55.1744
46.6811
59.2944
46.324
1.78533
62.2517
20.7434
14.2308
11.0019
86.6115
19.2022
21.6376
28.2998
72.6127
78.1854
1.74261
92.8007
36.7351
96.7406
61.9526
18.6651
77.3614
7.11081
73.339
39.2071
4.95621
96.6979
67.3391
29.3039
37.3119
34.8369
17.7923
71.7856
62.92
95.172
36.4666
83.3491
25.6569
14.0721
60.1733
65.7216
33.8878
75.8843
57.6189
97.5951
47.084
65.508
34.1044
33.0332
43.1379
79.0185
62.2028
21.952
19.4311
32.899
16.5349
18.2714
30.8512
62.5416
40.7727
91.4121
17.8228
50.6302
25.0008
6.71712
27.5124
76.0338
21.5369
90.4752
81.3166
23.8105
77.3888
45.0911
91.7783
47.0138
11.3834
30.1279
82.0307
20.835
14.2125
74.7581
10.8921
79.7815
99.3896
37.2906
56.7949
78.4783
83.3644
77.4224
63.567
66.7226
22.8278
56.7614
1.29704
19.4494
87.3897
33.3384
45.3627
12.1555
95.706
65.6697
26.7098
82.5068
93.2493
92.0133
56.5966
68.6544
99.762
0.442518
78.8354
64.9922
4.58693
55.3972
52.7207
85.8699
37.9833
96.2523
19.7455
77.9534
96.5026
73.6168
57.2222
71.865
50.6363
38.9538
71.9382
13.6814
12.7903
53.1358
37.0037
66.9485
93.759
29.5633
24.9489
25.8217
25.7424
77.4987
40.2783
29.9844
80.1904
61.1957
4.51674
21.9275
58.385
40.5072
96.9665
37.2448
83.0927
8.52077
4.2085
68.5598
69.2587
91.934
81.5729
93.7162
1.95318
29.7128
79.577
8.83816
99.6765
95.7244
38.5907
56.9323
91.1069
80.9137
4.77004
92.5565
83.4956
0.698874
70.3909
73.3207
50.7431
43.1745
91.7203
18.7201
19.3762
23.7587
87.5973
27.0028
80.4437
61.919
71.7338
90.6522
5.56047
45.5855
21.9916
1.14139
95.1689
98.8891
39.6619
83.5658
37.1227
18.8421
1.91046
51.7655
3.79345
96.5972
60.5365
24.6284
65.7399
88.8852
90.1181
94.0916
50.1206
55.2904
38.7097
85.5647
21.9611
26.957
84.2067
1.35502
16.3854
22.3884
49.4858
87.7132
99.9695
75.9026
79.4855
16.1443
89.288
94.4517
33.2774
19.6112
4.84634
8.35292
94.3693
74.2271
88.4884
31.6202
52.2294
67.0827
62.3524
97.4517
58.2781
40.8582
57.6403
84.5759
9.37529
55.7909
91.1649
0.0305185
62.0167
59.6454
17.8991
33.9976
30.2713
6.34785
37.6598
52.3453
70.6717
13.8462
83.9442
42.5001
7.12302
1.87689
73.1895
78.2495
98.9959
0.21363
42.4726
19.1107
5.45976
68.0837
53.8224
9.91546
49.3057
15.305
93.2493
96.1974
33.2377
65.8467
42.6313
21.0273
11.8717
54.3413
52.5895
18.9337
72.5089
96.292
94.4426
72.4967
27.8054
22.4952
19.3945
47.264
73.5374
18.366
3.10373
70.6442
14.4475
58.7603
3.66832
70.3269
11.4658
78.93
11.2705
37.9254
53.2701
72.2465
17.5176
33.4361
5.43535
55.3087
82.6441
96.1302
40.2448
91.0306
28.6782
77.5231
0.244148
10.3946
36.7412
62.0624
98.7671
23.4596
76.5313
91.0855
10.4617
60.2252
46.1837
55.7756
55.0127
32.017
50.6149
74.6483
27.1035
54.0361
96.4415
21.2531
75.8538
19.6112
31.6446
17.7068
86.7397
66.8752
8.09046
59.6301
69.2282
28.4249
95.0224
88.2015
3.15256
4.64187
21.6193
74.8741
47.0504
51.2406
76.8548
34.4401
61.4887
21.7078
44.6394
32.0048
50.5936
55.266
2.472
99.5758
74.8619
50.9537
61.6962
27.7932
38.3679
18.4606
77.4499
48.5458
3.53404
46.3729
6.5096
73.9647
36.5368
78.3746
41.0932
7.53502
36.5368
38.142
96.7528
92.8953
51.7869
93.4599
82.5007
15.9246
35.8104
0.204474
31.3059
25.8278
46.7208
16.9042
19.0374
90.7407
42.848
30.3415
50.0351
53.5661
77.7612
82.9829
37.376
3.61034
47.8408
42.7503
56.0411
29.6793
95.526
5.83819
97.0031
70.2231
21.3111
73.1254
0.448622
26.2032
7.72118
90.8597
96.231
52.2691
8.25831
96.234
29.6457
91.8577
4.55336
58.4674
0.720237
71.9016
84.8018
56.0015
95.0713
22.7149
46.5865
80.4804
34.5012
38.6914
77.3003
8.08435
25.4616
45.4543
15.1524
28.9102
33.4697
89.0774
44.0291
74.9443
61.6382
13.01
25.2388
37.3119
61.4246
38.3129
19.2938
13.4251
53.7492
12.8239
0.875881
74.6055
88.5647
44.9355
20.0751
94.8515
21.0486
87.5149
13.0406
31.3913
32.5175
87.698
15.1769
97.5768
74.1722
68.0868
80.0226
18.8025
61.8549
55.0401
56.8621
12.0792
99.8779
19.6509
30.3323
79.8212
62.093
47.0382
74.9901
58.5467
8.3224
99.6063
28.0953
13.0894
64.2323
89.8465
33.665
16.9317
42.8419
28.3547
60.9333
9.27458
35.7494
62.6637
50.3677
69.5486
52.1958
72.5089
90.3501
99.8657
34.1288
37.1838
77.6086
56.1449
25.3426
40.5774
64.6321
18.5034
22.8706
29.5389
47.0534
41.4838
88.7082
91.1832
94.2442
74.8375
50.0137
64.7664
76.1742
95.4131
65.9383
53.7645
89.7031
40.8185
89.1385
53.7553
37.3852
85.4549
0.180059
61.7695
61.977
49.5529
42.8968
82.696
89.6908
81.8689
38.844
98.3764
85.3877
6.60726
9.01517
15.0395
72.8111
75.2495
80.8618
54.6709
22.9713
13.8646
8.8229
5.94806
63.8386
6.58895
86.4559
0.37843
14.4078
5.82904
78.2586
29.252
96.3713
9.86358
49.4034
67.0461
26.3771
98.4619
21.3843
16.892
42.1522
67.1041
31.8125
43.7513
65.4714
50.5081
26.4107
10.886
55.2171
75.9819
61.3758
85.3114
53.5722
37.3333
44.2061
27.7749
78.5211
29.8807
91.1374
32.9753
65.7491
37.2417
29.3069
35.5693
13.0924
10.4801
21.7597
47.6394
30.6497
30.3049
43.4492
43.2234
49.6719
92.8373
86.3033
55.5437
93.3927
9.69573
21.5674
2.55745
62.8498
62.9444
97.4609
6.46382
40.9436
5.51469
0.317392
22.7485
67.7023
47.8317
57.3534
44.4502
90.0296
21.1127
9.10062
97.2472
38.9416
58.1347
29.78
90.9818
37.5072
81.9269
23.5633
43.2478
92.5474
43.1684
74.9931
40.7025
73.2688
96.8017
81.6157
53.6515
29.9173
58.5223
46.9527
69.628
55.623
31.8186
61.9617
61.5009
44.499
46.1074
53.0961
55.8184
49.1897
96.6338
25.0923
16.9347
90.936
26.7647
76.6106
12.6133
25.2937
43.2905
16.831
76.6656
16.6967
5.33464
61.1927
34.3181
24.8543
77.5628
34.3181
5.88702
56.2456
88.229
58.3117
54.4053
83.7642
82.7692
54.5396
92.7854
87.6431
13.5014
36.9823
16.2297
20.7953
56.1083
25.3517
75.4326
51.7106
93.4599
56.0259
56.2212
87.9879
57.4908
18.9825
81.286
33.6741
69.6951
98.8311
99.5941
83.5292
70.8579
48.0544
79.1223
7.28782
80.7031
70.629
68.5415
27.1523
78.0206
44.0992
43.4797
41.493
41.9416
58.2598
2.95114
98.0377
44.9721
98.5717
31.6416
69.5425
38.4075
52.4216
93.6033
35.1756
20.7373
66.3686
73.0583
20.6458
29.722
32.4595
27.8634
0.283822
48.6831
31.8369
71.3187
14.127
67.7084
13.6143
47.9019
3.19224
90.3501
37.3028
18.5919
16.0375
26.4626
56.7919
21.3843
89.7214
61.7878
74.0745
22.599
58.3148
44.9385
40.8277
24.6864
92.0804
82.3786
35.963
46.0463
20.4169
82.0307
97.2686
38.5846
41.7585
36.1583
35.2977
58.5803
73.4672
84.1304
7.60216
56.4715
44.9202
45.6648
81.4417
1.25431
86.8893
65.2364
63.0726
5.04471
20.2918
58.2385
21.8055
63.4724
97.5494
99.5056
86.8954
77.5231
99.5453
44.8714
45.3719
72.4448
41.4045
26.3436
19.0527
79.3451
90.1944
11.5329
48.6953
95.1323
47.6302
67.983
63.5609
86.3704
0.9888
22.9865
64.4307
52.7177
95.2757
59.5569
98.2238
15.5766
29.8105
39.1308
52.3423
47.5417
32.3832
91.6806
46.8886
8.28883
14.0385
63.8142
52.8245
2.56355
57.6586
65.5263
14.2491
25.8461
43.4675
6.17695
2.91452
13.3213
64.5802
60.4053
83.0744
57.8295
35.6853
54.4755
14.8076
12.36
48.0605
13.8432
73.983
42.7564
73.9677
62.4012
16.8737
46.2203
73.5893
14.1606
67.7175
1.28483
7.65709
47.9202
57.1703
64.8579
8.84732
5.55132
89.9167
81.9269
15.0822
4.58998
69.4662
23.6213
17.8869
5.65508
58.3483
19.2206
28.9132
25.4067
1.73956
97.6959
17.7343
35.6395
92.7213
4.47401
24.073
39.1095
7.22373
9.04263
97.5555
62.7796
86.9045
68.9444
68.1265
59.0289
97.8912
65.8864
0.277718
55.5345
43.7269
79.5404
34.1655
44.3922
60.4785
14.6336
66.7623
51.1246
72.2282
47.0321
76.2047
74.1844
35.02
4.33973
42.4024
35.612
47.4288
46.7544
67.0675
33.4422
55.8428
63.6738
46.2935
36.4788
32.5907
51.8113
98.7823
12.1036
55.0829
90.3439
2.86569
27.6986
63.9912
78.7713
45.4634
16.3305
28.7149
53.0778
36.0302
47.3251
98.175
45.8724
88.7173
92.3368
65.0594
6.06098
25.7973
27.5613
21.7292
43.7391
5.51469
62.7064
35.7921
15.894
27.4514
37.3394
23.5603
18.5644
18.5949
75.2434
49.4766
1.04678
53.1663
37.4065
29.6365
67.8274
9.35697
64.2811
67.5588
83.8069
16.1443
47.8957
0.265511
48.4878
93.234
24.5155
82.8974
54.7349
37.2875
28.3975
89.8648
97.702
57.6037
97.3388
60.7776
49.62
14.2949
70.5588
69.2099
66.0085
62.1662
69.6585
42.4238
38.9386
53.3403
3.1373
10.2237
63.0421
1.84332
85.2351
11.0141
29.7861
63.1916
9.59502
33.2255
15.7384
32.1604
68.4988
20.2002
80.3613
11.8503
58.1744
16.6997
39.0332
57.1459
60.8936
85.1192
26.8838
45.7167
44.4624
69.5639
19.0619
79.7113
69.689
35.905
23.0842
71.1966
46.498
65.9322
8.87173
14.5512
29.3161
33.723
92.1262
98.8678
92.3185
42.3841
36.6161
63.5334
75.1946
49.2599
91.0764
50.1022
40.0525
57.7288
26.2581
53.5813
30.0607
3.75683
87.8536
26.2307
70.5039
15.2684
30.7871
37.0739
2.8016
72.5211
50.679
40.1532
92.2208
47.5661
77.9046
54.7288
99.7742
50.9384
50.0412
10.5014
59.0686
63.7074
28.2327
61.0034
48.6251
82.989
73.1315
18.2745
0.326548
59.0716
46.025
11.9694
34.6507
52.2691
50.8042
25.9774
63.2527
87.6034
82.3573
15.7231
49.5895
35.4991
97.0428
59.2578
68.157
96.5545
70.8457
45.2559
52.974
18.543
60.8844
51.0544
75.9911
23.777
35.8287
13.8585
45.9487
74.929
90.9085
48.2315
68.4225
57.4725
13.0955
13.007
57.5945
6.8453
12.1555
80.7276
40.4126
58.4613
83.0744
12.7567
43.7666
48.6892
15.6072
93.1883
5.29191
44.9538
16.5227
24.6284
98.4252
33.0485
60.1276
39.1003
12.3417
39.8083
32.7677
27.0028
77.4407
19.2389
86.9106
37.4554
76.8792
80.2972
70.3757
53.0015
34.9498
84.3165
46.44
91.8729
22.8065
90.3745
70.3604
40.8948
72.1763
76.574
37.9528
72.2343
37.7331
15.4485
71.9016
46.9802
98.7396
31.5897
61.3697
58.8427
40.5194
19.6356
20.539
20.9693
6.50349
50.7218
81.7682
49.0555
61.3636
45.5367
88.876
43.8917
55.9099
42.1186
6.32038
26.4199
34.3883
36.4849
9.76897
28.4799
74.7795
24.2531
73.7632
92.3215
2.71004
21.3385
22.0618
82.0551
69.6646
91.9248
56.3341
60.1123
36.024
61.7267
28.7606
31.9132
49.6689
44.7798
74.2363
11.771
60.6739
61.8122
67.745
13.242
62.7735
78.3288
22.5806
17.0232
2.22785
40.5744
94.9828
19.483
44.6669
37.4523
10.8585
14.9998
40.5835
66.5609
80.2149
15.2257
80.0775
32.4351
14.8686
58.3666
77.5018
55.1622
15.1646
11.6214
76.5892
17.4596
41.1939
19.9591
16.7241
28.367
34.257
4.24207
50.9842
31.6416
4.13526
61.9465
56.5325
37.0342
47.7981
73.4977
28.0618
2.52693
15.1799
67.4459
94.8302
45.6679
87.6858
47.5051
51.973
12.1311
84.9513
34.6751
46.7116
79.6564
65.6209
27.4972
10.0375
25.425
37.6476
33.607
74.5659
35.0658
43.8063
75.7073
69.0939
81.3807
38.02
25.074
30.6223
50.8957
18.1402
65.743
24.2958
46.4553
30.7993
42.4482
12.0518
43.8368
13.9378
95.5107
60.4724
30.6467
92.6786
35.7524
28.5409
5.54521
94.1191
62.5751
25.9255
65.9658
96.7284
78.3227
82.3603
62.4104
79.9097
2.0661
18.7933
47.4868
89.3918
35.9294
60.9485
97.8088
84.0693
87.0663
85.8455
36.8389
79.9066
98.4375
41.9904
36.8786
56.5569
91.4975
33.8237
28.2388
42.2681
73.925
11.005
93.7956
42.7656
15.5095
53.2792
76.9982
29.6884
45.3444
91.406
81.5088
54.2161
73.394
54.8906
90.5362
1.53813
89.6542
87.0846
84.0388
51.7502
43.9344
18.2897
81.9056
62.8162
59.4562
37.4981
91.2229
41.2427
83.3369
53.3982
85.7967
16.0741
27.1401
85.2412
95.9868
81.811
0.585955
74.2485
37.0586
25.9072
91.5311
56.1205
54.1093
6.49434
95.3734
85.3175
11.7222
95.877
47.0107
51.7319
6.49129
55.4949
58.446
80.3522
30.5033
57.973
15.1799
54.5579
63.9241
21.836
34.5317
53.6943
24.8207
74.575
38.9843
45.5092
54.3352
9.60723
47.7126
24.1127
65.3188
52.8947
39.3658
34.0465
32.5785
4.64187
89.3185
71.1386
52.8703
71.9352
34.3913
0.717185
52.6963
57.7227
68.3157
83.871
72.1183
21.9428
20.9052
52.2691
2.66121
80.2942
24.2073
22.3304
7.44957
56.3585
18.659
89.2026
1.67547
52.6566
2.41401
91.2778
21.5583
56.2731
76.9646
85.8547
59.9139
44.6791
92.1659
26.5297
96.4263
7.37632
43.8185
82.9951
0.790429
48.9914
26.8929
93.8139
36.8419
89.4223
97.5585
92.8739
45.7442
26.6945
47.1206
0.0579852
36.4452
78.1579
40.9955
16.8249
61.4734
65.566
25.8553
17.2674
6.20136
59.8041
58.0584
75.341
69.7287
50.7492
56.4837
18.8086
65.4561
57.9913
32.9264
50.6272
19.5593
47.9751
3.14341
28.2662
95.4161
73.2231
31.6843
41.7188
22.0985
99.2523
13.6387
80.752
55.1866
34.8125
46.4461
32.0231
47.8134
31.0739
94.818
96.7406
60.2863
65.3615
2.00812
69.4174
86.2667
75.1244
50.4562
68.4103
23.6579
57.6861
24.9855
58.8275
68.3981
1.47404
81.6675
58.449
59.1784
64.2903
75.457
67.2903
51.2864
64.2933
49.7696
11.3987
47.6821
99.3072
41.0871
41.554
65.4042
60.0482
1.70293
77.4712
65.4775
52.9557
93.8017
38.1359
24.3934
98.1994
57.8997
48.8907
75.3563
18.5003
8.88699
65.9139
97.3327
84.4203
62.6789
8.70388
80.1172
31.6904
46.6689
41.1969
43.4828
16.2816
97.1374
92.1293
38.5693
22.7302
96.6277
55.3087
9.58892
91.4762
54.5518
60.3656
44.0626
80.7154
84.0449
54.6617
89.6115
28.4921
78.2525
86.935
65.4958
30.5918
39.1491
33.3354
47.0077
99.8596
62.0228
56.4928
50.8286
22.6203
28.7515
38.1634
99.4995
77.7978
12.9887
76.1864
93.1028
34.312
50.3922
86.2972
66.3259
92.4711
77.0135
99.4507
58.9587
84.8933
88.9767
95.2879
78.0297
2.65511
26.5755
62.3493
79.6472
62.2486
35.9081
25.6722
48.7014
78.9697
11.1698
32.4107
4.54115
62.392
70.748
36.0546
10.7547
99.5483
70.2078
69.9454
17.1697
41.3953
5.33769
50.6577
12.2013
58.272
8.37428
1.87689
13.7059
79.8669
90.4569
39.433
76.397
85.4549
33.5582
8.07215
44.0046
59.8834
84.9361
10.6235
24.311
81.0541
57.2222
20.1697
15.1128
54.4481
87.3348
15.8422
59.3188
60.3656
57.2863
32.902
57.2771
29.4595
30.0455
67.6534
14.4292
12.244
3.54015
27.9275
52.4705
58.1469
35.9691
69.6463
62.0746
69.7836
45.5153
10.1657
25.3945
48.027
37.6202
59.0136
86.3674
93.5392
62.8895
56.6118
97.0183
80.3613
58.8031
61.6443
17.8655
67.214
78.3563
77.6757
0.558489
62.1021
58.7176
59.6728
30.8481
5.87787
33.0454
91.0062
60.0391
90.3623
38.6242
71.5903
3.06101
76.6686
24.3873
7.80969
31.2601
29.3466
10.9806
44.792
38.0108
31.9742
6.5157
31.7026
5.35295
99.8169
31.08
60.683
49.7024
55.1683
53.1663
70.0186
74.7765
81.045
91.1802
52.2294
9.91241
18.7872
83.0439
57.6342
61.8274
25.2663
77.16
34.0617
57.9791
55.2477
47.734
93.3195
9.67132
84.6248
87.6614
45.0362
73.0247
40.0403
82.0826
88.5372
35.8562
50.6363
15.7109
3.31431
8.75271
87.4447
17.0934
28.7973
48.3108
6.13727
92.8892
73.9586
90.7193
58.7146
55.3209
47.4715
23.8777
89.7397
95.9349
48.9792
76.0613
82.7998
8.7405
12.1189
49.3301
72.7744
15.9215
39.9396
75.7988
89.5413
99.176
23.3222
24.8726
48.7625
89.877
83.0287
39.5856
55.3697
21.1402
26.0109
30.1675
35.3526
94.9248
56.624
2.9725
61.5162
67.2811
33.2926
52.855
88.7844
4.93179
11.3865
97.1831
64.7145
16.2297
62.7796
79.5526
30.8298
9.65606
12.8361
21.363
80.3949
83.0134
85.4091
49.382
88.2595
96.3652
96.4263
77.3705
78.402
31.9285
86.7885
69.9881
44.789
93.9909
35.1115
67.0125
91.1863
51.9578
41.0047
96.0479
5.52995
79.7693
19.4525
51.8326
34.5103
94.6348
96.9787
70.2841
73.9525
48.384
50.1724
75.3716
40.6598
74.4438
77.2546
26.9875
41.3221
43.6018
43.2356
47.9171
4.1261
31.7148
89.3643
58.0279
88.6715
52.4125
47.438
93.8017
39.8389
58.0096
49.6353
41.3709
1.236
61.6718
74.4743
61.1347
53.8408
84.0175
19.5257
32.0994
95.4314
77.2454
41.5235
94.0886
26.5084
29.9356
54.4542
15.9124
58.269
5.63677
26.3192
67.6595
8.2522
18.3691
65.1204
25.1686
99.35
98.1536
34.7362
84.9269
27.7139
49.7177
91.3358
17.365
15.2837
57.5091
80.8679
36.8267
12.4699
40.0677
88.3633
16.1931
66.6738
7.004
79.5892
24.4179
22.248
21.5827
25.7241
15.0182
67.5405
22.1442
51.6556
43.6445
94.6135
5.39262
98.5473
42.9212
87.2921
24.781
41.2732
32.5938
3.17087
6.98874
51.384
93.2005
65.1723
39.7595
46.1745
81.2799
28.2968
34.1014
14.539
14.3864
37.2173
14.0538
60.1947
3.88806
40.2997
37.1105
52.9038
63.7745
75.7042
98.4191
28.3517
73.5618
95.1628
21.9184
27.2713
23.4169
41.1023
91.5098
14.4353
19.6478
42.7076
25.3548
68.1845
78.6554
46.5346
46.5377
81.0694
87.4874
47.3403
53.0564
62.2456
59.1266
34.724
40.4157
82.2901
60.6433
21.2195
79.8578
50.9568
42.2864
67.452
5.38347
68.6392
45.7106
69.985
12.6926
42.0392
19.4189
27.5002
23.1605
4.73342
19.5471
50.9323
15.9734
33.2652
24.1523
33.1217
81.579
99.3408
39.0606
43.7452
99.4934
48.793
23.484
64.98
93.7254
47.9507
13.4587
33.6833
68.7948
87.9788
71.2821
5.60015
79.5892
87.875
39.0271
7.28782
38.0902
86.7214
24.308
91.3419
10.1901
65.8101
96.3836
60.5823
5.62761
91.2809
20.7343
76.8212
14.2369
17.9083
10.2542
19.7821
91.6013
44.6089
21.1554
11.8931
47.2488
62.3768
71.7368
74.4926
38.5174
85.1833
12.1128
31.0953
23.2032
4.5381
23.0598
23.4077
74.1142
58.3148
72.0939
55.5925
8.68252
54.4206
4.85855
32.5266
36.726
40.0067
0.0579852
7.62963
79.5099
56.8194
65.9291
5.84735
63.1947
73.2627
6.46382
37.5072
39.8816
33.8939
35.4991
68.572
39.2468
16.9073
66.7562
63.0055
4.02844
40.2387
57.9974
62.801
12.3875
6.94296
37.4065
21.3507
40.3363
30.4544
90.3195
55.7543
67.2994
30.3507
34.4218
33.6833
77.9962
39.2407
61.5802
60.4633
63.7135
11.4292
74.3522
81.9758
76.1376
73.9555
95.3978
68.9749
36.8267
10.6235
77.8161
98.5168
55.4857
19.7058
94.644
98.0499
60.1672
35.8531
35.5113
67.8487
92.4833
56.9323
88.7234
47.3769
71.0013
66.3381
36.7351
41.2305
75.9362
91.467
43.3241
70.275
58.2202
88.9248
60.3931
63.5853
26.1605
97.1313
32.7006
56.8773
12.7232
46.9192
28.5195
12.946
76.6259
70.7968
74.4255
29.8624
40.3211
1.41606
22.2877
52.4277
18.0731
99.9847
26.6518
52.6353
37.1197
5.12101
60.5426
94.6593
5.18815
42.9151
47.9049
50.0473
27.3995
88.6807
40.7849
78.753
25.7149
21.1219
19.3121
41.5815
64.037
59.5111
42.7168
59.7461
32.1146
24.4911
29.3985
87.0724
91.3602
13.1291
94.2503
10.5625
35.6883
28.8705
21.3294
44.8927
70.5588
56.9811
0.00305185
36.4666
63.2405
26.133
2.69173
42.6801
67.5741
46.7574
32.3435
2.00507
76.1956
66.7562
17.7587
60.5152
3.48216
35.2397
84.8903
70.4733
52.2568
14.8961
82.2474
26.6335
67.4001
33.6161
88.525
55.855
29.5358
15.9856
80.5841
25.6417
91.8516
85.3206
89.9136
87.289
13.2023
76.7876
25.6783
19.1961
90.6735
52.3392
92.523
86.0164
44.615
57.9821
81.1884
79.2291
59.4104
14.069
60.1398
54.8265
32.9722
79.2474
46.2752
33.6375
38.197
78.6248
82.873
80.0256
49.44
36.8419
2.8779
24.4911
37.1502
6.66219
5.67949
45.8754
83.8099
33.6711
25.4799
78.7378
24.2622
47.7371
19.3884
61.5589
63.6189
21.8726
53.3738
91.4029
75.7866
89.0927
14.1881
0.616474
35.8074
57.8967
25.4128
21.2836
89.1293
17.0202
95.6786
52.9221
10.8554
70.0735
77.3034
99.1852
58.2476
90.6705
63.3534
89.111
69.4204
38.7036
1.34281
48.5763
11.5329
28.3822
51.6373
37.553
31.4676
88.6349
68.7124
18.8299
12.2013
6.52486
33.3964
73.7968
87.9421
94.3266
14.2155
30.9122
21.1921
70.806
85.9523
22.5196
94.8668
97.4456
83.5658
35.5846
22.541
60.1123
19.5898
71.9993
30.0211
36.9304
43.1349
84.109
11.2949
42.8388
68.5934
1.03153
12.0609
91.586
52.2324
11.4444
43.8826
65.7063
44.7401
18.424
82.165
35.139
97.8698
31.9773
51.0147
15.1006
53.325
14.9205
48.1704
3.83923
92.0072
47.6791
13.068
90.8994
71.688
27.665
91.2259
76.5191
31.3456
68.8498
97.9919
92.7885
90.2005
17.1545
34.9101
67.1804
19.5837
47.3006
61.6718
19.1046
15.8147
56.6942
76.9036
30.076
52.1714
22.0588
10.8463
78.1579
38.0596
34.3425
83.1019
77.279
63.5853
77.5872
28.486
12.0548
57.5518
67.3696
44.261
8.76186
37.0983
14.4505
61.684
33.0393
77.0318
29.2123
95.1598
54.9944
77.0379
32.5663
72.0389
72.3106
54.857
88.9279
96.2066
31.9834
43.556
26.8715
48.5672
41.3404
21.0334
63.1367
77.6086
8.89004
49.8886
95.5412
83.0775
5.73443
55.7298
80.4926
45.9944
88.0856
22.132
60.683
8.05689
71.5323
30.2805
58.6138
53.5722
97.7264
21.4942
1.55034
97.0794
84.0358
10.712
93.5636
29.7433
96.8535
29.078
0.244148
27.6742
39.1522
23.7617
61.7786
75.2739
92.9472
93.1333
99.9115
6.74459
7.21763
85.3877
34.5317
18.9123
72.0237
38.8165
75.4387
58.4277
69.3197
91.7722
4.89212
36.5398
41.2
40.4828
16.6784
74.5079
66.1245
72.866
27.1676
32.8135
83.7825
56.4226
24.1371
27.2958
59.2151
8.37733
68.862
85.3023
26.8288
26.1483
17.1819
45.024
4.90432
6.30512
75.1274
51.1185
21.25
30.1431
54.738
49.736
40.5896
43.9497
45.7137
36.0851
34.3669
12.1433
68.4988
57.6769
83.5444
71.4133
24.4362
26.3436
55.0035
63.8905
8.63064
42.1796
42.2681
77.636
1.11393
82.522
11.0508
72.4021
1.96844
59.0716
40.3272
18.9093
26.0231
96.3561
99.5605
29.7342
22.7271
34.5409
52.6505
9.88189
36.8603
9.84222
29.3039
5.25834
75.692
15.5492
54.3809
77.0837
98.1872
96.878
75.8782
80.4163
91.937
82.7082
82.1955
74.9229
53.383
7.38548
49.2508
45.9761
37.0159
25.6691
8.13318
64.2384
89.111
73.9799
73.87
61.8305
31.6782
81.0388
25.9377
53.2731
12.244
81.0846
81.2128
79.2261
85.0581
32.725
49.852
1.22684
39.3597
96.588
14.8839
25.5501
40.3821
74.8741
25.9835
84.2494
98.645
65.9749
48.1948
51.5885
33.1828
37.2265
56.1083
23.9479
44.3861
68.9749
14.2216
41.3007
61.9861
73.0338
34.0098
78.4417
83.9076
38.6975
48.4115
84.0693
71.5232
9.42106
94.3052
95.8312
17.0202
43.2722
43.6293
9.476
48.4298
60.3076
73.7632
30.2408
87.994
29.9905
17.7618
84.5759
29.4595
1.77313
85.1527
20.3375
49.9802
31.9529
93.7925
73.6351
22.1686
9.96735
3.55235
30.3293
41.9996
37.199
92.3551
60.4358
38.139
61.4826
65.1936
53.4867
78.3654
20.3528
36.8419
32.9997
38.6639
96.2615
78.7744
78.1671
50.6546
36.7656
70.9769
30.8908
92.9624
42.967
49.2904
16.3182
42.1522
79.1528
88.8668
54.9577
48.8784
6.90329
14.3742
94.5128
54.8143
96.7376
77.6177
39.6008
16.0833
20.3772
93.1211
7.42515
48.7075
76.8853
72.3869
87.5546
61.7878
55.6047
47.3922
33.903
93.9787
89.2544
23.9662
67.1316
18.9245
0.0915555
55.681
15.4332
35.2794
92.4314
78.869
72.0054
6.87582
94.5372
99.414
97.1831
68.7643
3.06711
71.9016
43.4645
64.6596
33.2072
61.7939
31.5043
31.4951
27.5307
31.2357
55.1897
96.6369
26.8471
39.1125
43.965
3.43333
56.032
95.999
60.5029
30.7169
28.0526
64.5985
61.8458
21.8665
19.2724
46.3424
2.1485
89.0652
19.1687
44.7249
5.16373
8.37733
7.58995
46.028
84.5546
71.2912
62.685
8.05383
40.1959
8.28883
52.5956
97.5005
8.58791
50.1694
14.1087
66.5609
95.4833
42.6252
71.3034
9.45769
68.8437
79.8273
97.3846
89.4498
40.3424
72.5455
72.7897
76.9555
13.3824
16.4617
42.7473
89.4955
25.9041
76.3268
27.3202
73.9525
66.0146
51.5305
87.1548
21.8726
88.6044
38.789
98.001
58.4094
11.0599
57.4664
37.1441
95.4802
16.2114
53.2731
34.901
89.8648
40.6171
45.8693
94.2381
96.7589
76.342
36.0668
31.7179
59.5019
64.3239
38.2122
42.8327
26.0323
7.47093
53.386
44.8988
32.7433
81.6248
49.0585
0.589007
46.3393
72.457
60.8081
75.2892
4.31837
16.5319
81.7408
31.3273
44.7432
74.5415
55.2263
12.2745
65.8467
14.9083
36.5795
20.4016
6.18
35.8837
39.3139
40.4157
85.9005
4.21461
31.5897
12.6133
99.7742
38.5662
98.4771
8.58791
2.60628
15.775
35.67
12.5858
77.6666
28.1045
90.286
61.6413
28.7149
69.5608
14.3162
47.6577
86.3521
79.4794
46.4583
34.5073
69.1702
21.4331
87.8262
93.2829
90.4965
25.6325
87.2921
8.86563
51.1948
72.927
1.9837
60.9027
9.27458
48.5061
48.6282
32.2886
66.8691
43.5011
11.298
48.3596
65.1967
32.5266
21.2928
99.8505
28.2022
5.32548
74.6635
52.7665
45.4207
80.6574
3.06711
98.3001
34.727
80.5231
63.5975
45.909
75.6066
92.8831
63.1306
12.6865
53.5539
0.946074
82.9249
12.1403
6.22578
7.23594
19.0008
95.5107
11.9724
30.4483
3.98877
48.7564
11.3926
3.32652
26.0231
98.3398
2.50862
49.6353
10.3549
28.898
0.201422
68.337
79.281
65.9841
0.524918
3.14035
56.0045
26.9417
40.5408
25.5379
28.0801
93.112
94.2747
9.39665
36.0485
6.38752
95.4344
25.3304
2.88705
43.3943
27.4972
32.8867
69.9271
70.2475
71.8528
98.7335
54.7929
31.1563
54.4969
18.9154
97.1068
73.9341
82.0673
73.397
7.44346
65.511
7.70287
90.8811
85.2931
0.662252
17.4505
52.15
21.5247
56.9933
77.7734
10.0223
51.1307
99.3378
34.8277
53.9872
71.6971
86.7122
6.14643
97.7233
93.4049
84.9239
55.2843
17.5909
36.0424
37.9772
90.1425
20.2246
38.7402
1.37028
75.5119
67.3513
98.0316
90.463
0.524918
35.9417
99.8199
46.9802
91.6196
41.8806
60.9729
76.8242
11.5909
5.18815
46.0646
62.2974
35.4747
85.0246
74.9626
1.84637
43.7391
62.4744
86.8557
80.5109
23.5328
99.3866
76.342
24.0974
18.5522
51.2467
67.2262
40.3394
18.1555
62.3341
39.6405
0.0396741
26.3771
21.1707
76.0796
61.4216
1.44047
4.51369
42.0454
90.7132
6.40278
87.8933
66.8722
82.2077
61.5589
50.8896
40.3455
30.8267
39.2315
55.2965
90.8292
60.3473
91.5677
24.2164
60.3809
60.4389
51.9639
0.283822
42.6405
35.5846
0.750755
11.0965
98.9959
19.0771
35.7768
20.0262
18.6834
55.1469
38.4533
90.4752
38.5052
2.39265
76.0002
41.7463
87.698
61.6352
30.3842
24.6529
73.6351
81.286
94.6928
94.9614
73.9982
43.4065
27.4697
12.8117
50.9781
83.5505
5.72527
46.2661
53.1938
47.4899
67.1712
7.03146
20.9449
38.0261
82.3542
96.6002
60.3748
54.9394
47.3037
90.7987
2.22785
81.2281
37.2997
40.9955
10.8097
18.7628
12.3905
20.011
58.739
26.4901
15.3264
90.8658
33.1706
64.2842
52.4644
26.5267
89.0774
95.6053
98.3245
58.7512
15.2196
52.0493
14.4047
84.1456
28.4646
12.9612
22.8736
5.59404
62.0136
3.20444
25.7729
37.1441
63.2191
62.2028
10.3458
50.5081
66.6097
87.4111
31.135
91.287
57.6983
5.33464
9.45769
43.0372
93.2737
73.1986
40.8856
67.333
93.7437
64.4002
51.3627
97.9186
73.1742
40.8918
92.5809
17.069
22.6478
65.5965
17.2277
92.3551
12.5889
57.9791
24.7658
1.80975
29.6091
45.9243
18.3111
25.779
13.6113
17.011
63.3045
33.4239
10.6662
22.3334
88.5372
42.1247
7.35191
35.9935
20.2033
77.8375
62.1693
23.3558
89.5779
14.5695
99.6399
21.2653
4.944
21.0639
82.7265
83.2514
28.428
92.8373
29.2184
92.9136
48.3078
97.7111
87.6553
98.6328
87.4874
12.9246
38.4655
72.631
38.7066
81.9971
35.9355
47.6333
67.1407
69.4021
56.5905
34.138
71.0074
41.2671
69.6768
71.5293
40.8185
50.145
95.3246
16.0527
7.86462
52.0127
66.0421
18.8787
22.6051
33.6314
57.1398
97.2961
53.5539
78.3837
1.7304
52.1836
47.2945
48.6923
55.9435
34.959
40.2753
13.1962
29.9173
16.9927
62.9627
96.7681
50.2853
64.7298
27.0119
81.4753
69.7012
73.5832
36.0729
36.6924
89.0652
63.7501
10.8463
6.42415
8.06909
91.0703
69.0329
31.9498
69.7165
76.0277
50.7797
37.9925
14.3468
4.06201
30.2713
60.4419
8.93277
0.305185
4.06812
43.852
67.1438
31.8094
96.8352
86.7489
25.8644
40.4859
75.0633
62.9353
93.8169
59.8193
9.44548
96.8963
37.8124
18.4851
76.5069
21.4301
22.4097
84.0205
40.0891
95.6328
68.4378
49.6445
3.39061
11.3285
46.1318
17.3864
72.0939
66.1733
68.4652
80.6146
19.2755
31.4035
0.277718
59.0991
92.7061
92.4924
48.8845
89.7549
55.1195
90.7529
51.7075
26.1605
98.1658
44.0596
26.6579
50.0076
20.5878
74.7978
0.784326
47.557
11.2888
23.133
82.9188
54.3016
27.9153
73.809
95.8403
20.8838
11.5513
74.5048
33.6741
3.44249
28.2052
73.925
60.1062
31.5012
77.6513
57.7715
13.0131
56.502
60.2741
10.654
31.1991
34.1563
42.5916
82.1161
68.804
43.6903
11.9694
84.8994
13.0436
97.1404
61.2781
3.5432
70.9006
41.7859
94.0092
41.4716
40.3485
8.91751
90.5667
84.6736
31.84
11.9846
26.2917
10.1108
55.5406
47.2823
81.8689
16.9897
40.0586
0.320444
36.7473
8.99075
98.233
10.9745
86.2056
5.61541
5.58489
0.540178
72.6493
10.7486
7.15964
13.8432
71.807
16.5746
18.2409
79.5007
24.4423
70.983
34.666
41.4747
54.1795
86.5535
18.3508
65.0533
62.0899
19.2846
73.6168
70.3391
38.6822
95.172
79.9493
96.4385
83.874
12.7476
96.8688
49.4186
75.6127
99.7497
6.45772
37.1838
77.7429
51.9822
9.2349
44.377
27.7718
32.5663
38.9355
50.4776
95.1292
59.6332
11.9236
44.1633
50.5631
60.6372
76.7357
37.08
37.2906
21.3904
79.4916
30.1798
84.5485
7.96228
10.7273
35.6914
54.1246
89.5199
49.3057
7.90735
60.5426
40.3119
69.0115
85.8669
55.4979
48.854
23.487
1.06204
17.1789
12.476
75.1
53.3769
35.0902
45.3322
83.3735
8.21558
31.0068
78.0389
18.6315
18.1341
6.69881
77.0043
16.4556
21.952
59.0381
61.6382
38.5815
24.5552
53.0839
47.5356
55.8611
10.4923
93.8566
93.7407
18.9459
94.467
87.2951
82.2535
32.2672
61.8641
31.1747
7.89209
96.9665
2.4781
26.4809
6.62557
38.3923
90.5026
49.9313
0.503555
83.816
13.9042
78.2525
87.3165
5.92059
6.41804
4.84939
53.0992
97.8057
85.1253
39.4757
35.6487
94.9767
46.8459
31.5287
17.0873
10.0986
26.484
7.62047
73.6839
96.054
70.3513
64.0156
61.0309
2.90231
27.6925
4.58083
62.682
44.4929
13.4953
64.8823
80.4041
40.1776
45.7045
13.007
94.1496
47.4227
9.9765
67.8152
69.8691
50.8286
55.1134
25.135
43.3393
23.2154
72.2648
32.6731
58.037
24.427
61.0462
4.10169
85.2809
53.4349
35.7311
13.0863
4.72121
19.4006
74.5476
57.7929
73.281
47.2976
65.3157
36.5276
60.7288
83.7428
50.4685
25.1534
79.9493
18.6193
24.6376
96.878
90.0998
88.2046
87.875
75.0298
0.704978
75.277
7.66625
59.5172
54.8906
72.0145
92.9075
17.4871
19.8035
21.1432
32.8349
78.9087
62.4317
1.0712
4.19935
27.6437
38.844
70.5679
99.6918
28.6599
75.0969
38.6517
80.7672
81.9971
67.7908
75.3014
8.04773
44.1145
82.5617
28.6019
52.3698
7.2512
78.4783
63.9729
39.6069
77.4193
36.5795
91.0672
32.4351
41.6456
20.6366
94.0275
2.11188
65.1143
48.2437
30.6528
93.4385
8.78628
0.412
16.1748
35.9874
8.20032
47.7493
57.1795
4.7792
3.97046
21.366
51.3749
83.4712
64.7267
6.65304
18.833
33.198
93.0143
88.0062
80.2484
20.2551
54.8601
22.663
47.9171
5.63677
23.5755
71.7887
45.0514
49.6506
78.4661
66.8752
19.013
34.6629
49.0036
39.6466
64.1346
59.1876
45.1918
93.5575
19.718
6.32649
64.6382
45.0026
58.8824
39.7931
17.0385
12.4058
33.8206
30.5795
56.6607
81.2708
93.17
67.4123
63.4449
23.3192
37.0251
54.1398
63.4022
97.8942
25.3243
47.145
28.8522
13.657
5.13932
35.9111
49.1958
78.8415
72.57
19.9042
12.8025
18.012
34.7911
84.8476
90.6827
83.639
87.9788
31.5409
62.505
40.4645
76.6167
60.3565
75.6523
50.8713
49.9313
64.4978
77.9077
39.3536
80.9748
35.1909
14.3651
64.2079
64.0675
31.9285
29.2856
74.5598
56.1479
20.835
63.39
80.9076
77.7367
34.3699
87.3318
17.2338
39.0423
55.4003
61.9129
22.8492
6.94906
78.8537
65.6941
22.1015
78.3959
53.9994
80.5872
30.0363
75.8476
60.5579
76.101
62.1998
30.4727
21.6681
82.8455
76.6167
68.627
6.95517
95.9075
26.1605
67.275
28.724
98.7426
49.3881
94.0153
84.4447
48.1887
77.9656
97.2472
48.674
11.2613
88.8363
62.215
67.4917
94.3113
79.2199
98.4619
58.6077
55.1744
92.6237
74.3614
70.2689
39.0088
73.9097
64.3513
2.06915
28.3303
81.6279
24.4758
40.8063
47.9751
35.6761
61.8854
14.478
15.5248
28.4463
13.9073
17.6153
77.9229
77.575
2.28889
10.9867
24.7932
48.4085
78.3013
48.851
19.1748
24.3416
24.2409
36.8938
36.256
53.1022
27.0425
73.928
50.737
47.1664
89.5718
80.5261
63.451
66.3778
95.2178
67.6809
7.87683
60.9424
91.4731
48.6343
27.1493
2.87179
8.04773
46.9955
62.2028
84.0541
75.2037
4.27259
41.6883
9.02127
57.8753
39.9487
14.243
60.6189
71.2851
67.2048
13.8005
66.5792
93.585
17.4566
98.5199
45.2712
41.2091
76.7846
53.9506
58.623
22.5684
87.4111
1.12613
50.4227
35.6426
17.3437
0.137333
98.0834
25.19
51.3138
89.8251
56.0198
65.1234
6.0976
54.2558
18.7475
81.7194
23.426
56.5874
81.8232
83.2698
43.5133
30.9
28.782
11.7954
12.4058
72.7104
22.1595
82.4824
26.2215
18.6987
26.7495
26.3833
65.45
56.3646
43.202
2.13935
22.3975
54.149
80.1172
92.2147
74.9352
52.7024
42.7198
49.3271
9.6469
7.93481
66.277
8.7466
47.5478
26.4077
72.3563
31.9956
75.4143
83.7672
76.0643
97.6318
35.9447
66.7898
22.3884
4.71206
79.8425
29.6945
79.7662
4.63271
32.8776
5.34989
68.9932
26.8319
81.1975
61.9556
55.6383
14.1209
27.842
45.8846
84.0205
33.2041
23.7403
1.28178
80.9351
75.9972
26.2062
7.02841
7.23899
17.3955
88.1222
21.7414
85.3999
45.1491
30.8756
77.3644
81.1335
27.369
4.26344
12.064
67.3025
33.4178
86.4009
82.9737
48.1338
73.7022
26.7739
49.4644
71.9413
74.0471
85.6471
67.5405
10.4099
50.2823
72.8111
85.9828
32.664
98.6236
38.9233
84.9055
52.1256
67.5161
22.483
47.2915
74.395
26.5419
5.61541
4.16578
24.2012
98.0316
81.7499
44.0474
79.6197
66.9637
88.345
27.2439
91.586
34.8674
7.78832
95.706
16.9317
33.2438
89.5871
18.9581
43.0158
62.2028
96.9237
66.8447
32.0414
69.9179
30.8329
49.6078
63.2893
38.5357
34.9712
16.007
1.27262
92.1354
34.2174
50.0565
68.0258
92.4009
10.1627
57.0208
47.6028
37.611
66.6616
79.3054
0.930815
30.5643
88.525
32.8257
19.1626
31.0892
46.5163
4.55947
93.5759
58.7359
51.7655
1.80364
30.2591
61.2903
12.7018
93.8383
87.6278
14.7526
97.6775
36.6039
64.8915
70.3635
56.3494
21.012
19.66
14.3162
3.01218
35.4808
42.7595
55.8397
14.9327
83.4132
68.392
9.16166
48.8845
46.1104
47.7889
85.0917
28.9254
31.8918
64.4551
57.7776
8.652
1.91961
19.1382
22.2755
60.9302
13.419
62.6637
8.60012
98.3245
70.925
4.72121
67.7969
77.3156
26.1361
76.7876
95.7396
89.4223
17.0507
77.224
10.2481
92.3673
86.9564
76.7968
47.145
84.402
73.9586
12.6041
90.8811
74.926
11.6214
48.6496
5.34379
54.5244
31.3761
31.1258
80.5383
17.5237
7.30308
16.5502
60.6281
40.2509
33.9335
0.872829
69.1275
68.0319
77.6696
27.7078
96.7467
14.1423
92.4772
3.75378
67.5588
23.7861
40.4492
99.6094
49.1317
6.23188
7.89819
64.0248
22.2083
88.2504
57.5427
29.78
75.5943
91.9401
7.48619
39.2956
41.8592
90.1364
77.5689
68.0624
39.5093
42.4329
93.7223
74.0715
37.1715
65.0502
90.9604
51.3565
5.54521
37.55
5.62456
15.7353
72.6218
99.6521
97.5341
0.915555
47.8591
41.1634
92.5871
93.0876
30.9549
38.258
86.5749
82.0887
70.7846
39.0881
0.677511
57.3412
90.1578
52.0219
29.4107
26.5938
42.0484
39.4635
71.5049
85.6685
12.8727
70.5435
84.4905
17.2887
38.4747
35.6456
53.502
47.1755
48.4085
76.0338
14.9632
35.432
4.19019
31.5989
25.7973
31.4554
47.1297
59.9353
18.7567
70.4428
21.3141
29.7861
34.5195
39.5856
87.4599
42.0759
71.157
92.1781
93.17
81.5638
41.6211
37.6385
15.302
52.3087
79.873
85.6868
39.9915
0.0549333
86.227
72.7104
96.0173
74.6422
52.6353
48.4909
7.11692
35.5724
58.4399
51.4267
78.8598
53.8926
77.2668
50.3342
85.7082
13.4709
85.6899
80.9748
73.9311
64.8213
14.2521
55.4521
45.9273
34.5744
31.5409
72.5883
41.6456
43.7696
1.82806
7.35191
82.6746
38.0322
7.04062
7.59301
94.6745
82.8059
73.5557
76.0552
73.7541
26.7373
94.5372
65.9139
12.3966
86.3674
88.3938
67.8823
50.6058
55.208
83.9961
17.0751
67.8579
90.3928
73.281
97.705
81.4997
79.9677
21.8513
73.7419
67.2231
43.9711
78.2281
23.7159
67.2323
72.4509
72.3258
7.71203
1.7243
53.4776
43.8643
44.7127
49.3362
94.3846
91.2442
28.4494
12.122
89.2178
81.5546
59.8285
30.784
35.6792
12.3753
24.0883
65.6545
54.561
65.9383
90.8231
9.18607
14.835
46.2722
64.9556
45.4787
17.5878
40.0372
66.8386
22.5013
41.8073
91.5708
69.5761
52.6475
5.23698
32.8257
71.6758
7.22983
43.4095
58.8366
33.2072
20.5451
59.9292
89.2941
53.5447
69.1336
51.207
6.89108
18.836
41.85
58.7146
13.0467
97.3388
66.4144
51.9028
91.644
10.7028
7.97449
94.9217
21.3752
59.3982
5.43535
0.231941
27.3995
30.3171
61.037
22.2877
12.8239
64.7816
48.9273
94.3541
60.7227
14.9724
58.2934
61.6108
47.2823
67.0217
36.6741
13.7211
56.7248
58.7634
49.1134
69.8721
38.5632
70.397
18.7323
19.5105
97.9278
16.0894
64.4124
71.8894
59.4684
14.6947
1.12003
17.478
95.5626
67.6962
18.6163
54.4633
59.3738
22.486
4.04065
83.3674
13.4251
49.1653
24.1188
22.9987
94.3175
8.87478
32.5571
50.792
4.18409
41.9385
18.2226
20.6702
69.5578
53.7736
59.8224
61.6321
58.2141
26.8441
2.59713
10.0406
94.6715
36.668
22.7668
78.9209
64.9312
0.0946074
95.2391
17.2094
51.1124
33.8878
30.3079
62.2394
86.6054
51.8174
94.9095
38.4594
72.3106
78.3563
84.051
5.6032
44.7066
7.06198
58.0981
9.38444
36.2316
81.872
11.4841
37.8552
18.7262
29.3161
88.4854
36.549
70.4672
19.8706
11.7038
85.5586
57.4969
86.523
38.8745
91.6135
69.805
78.6889
13.5929
98.3734
3.03049
79.6014
25.6569
67.9678
26.31
65.3249
46.5438
36.9701
26.8502
33.4513
55.7695
99.9023
71.9138
79.7113
23.6427
23.4046
78.7988
50.4837
66.1336
44.2152
33.4635
49.4797
37.3882
54.0147
48.3871
26.6152
75.6218
24.3721
0.332652
27.2286
67.8915
74.8009
38.6151
29.8044
49.501
37.141
4.48622
50.2762
3.56456
19.3304
52.2996
41.0596
76.4
21.7353
13.0467
62.9414
74.3522
9.12503
90.9024
57.9485
57.738
91.4579
33.3903
1.30314
97.409
16.5441
65.8498
60.6281
9.70183
27.8176
30.7169
40.4706
35.3069
90.1822
22.3823
40.3424
77.694
37.2143
58.1317
4.32752
66.7592
42.7534
75.866
90.4508
63.271
70.0339
99.2126
37.8399
69.7897
1.48625
60.6189
59.9414
63.6158
2.32246
23.1056
41.7768
17.4657
21.0242
91.2534
69.4479
23.4687
79.9066
52.092
70.0003
86.0897
58.797
36.4849
89.7549
99.6185
25.0435
41.6608
89.23
75.8934
12.9185
5.48112
82.8242
37.8002
5.55742
73.1101
1.30314
44.2549
22.5837
46.675
5.31022
62.2059
66.4876
58.5894
27.9458
51.3993
30.9549
59.096
74.5811
77.398
24.2164
58.7176
58.0309
18.5919
10.5533
16.2023
97.2045
82.7723
23.1178
12.6225
57.3443
98.8617
51.1429
2.20649
59.9994
99.5239
54.7044
80.5597
40.8582
60.1733
10.1321
60.9058
83.5414
10.0803
39.2499
98.9502
7.4984
81.164
25.4616
56.9994
38.1603
10.0772
69.9515
47.9812
37.3943
59.3158
90.9848
49.9374
22.483
72.7927
19.5471
31.6874
51.6617
31.6874
94.3693
80.2301
4.42518
26.0964
9.4821
70.5191
34.6538
8.09961
17.4841
68.276
24.7261
41.9324
41.5296
6.41194
18.7384
16.8401
99.295
25.7118
62.9505
38.2427
91.937
20.3986
31.5622
62.8681
61.2445
79.2199
66.0085
93.4294
68.0685
62.6453
5.80462
98.5199
95.1537
6.85141
39.1736
73.3116
27.5399
95.056
51.4634
6.71102
13.6021
86.8831
99.6002
70.5802
59.8773
46.3424
90.6003
96.643
62.8315
59.1082
92.3307
56.737
30.6314
79.6106
54.6129
11.9877
98.1201
98.6999
68.8162
46.5651
88.0367
72.4174
44.0168
51.6251
21.6895
2.51473
27.9366
75.0786
32.1421
9.37529
50.6851
2.8077
83.0866
87.933
19.5074
86.9594
46.4644
87.2188
42.6283
86.8984
42.0698
4.17798
10.3061
38.5296
92.114
32.371
11.2613
17.542
94.0153
56.1571
12.5706
12.2044
64.4429
31.0434
81.167
71.3981
57.7898
40.7758
75.0389
43.4278
12.1799
71.804
82.3481
71.3187
26.1513
95.7762
36.436
60.1398
19.0893
0.640889
85.0154
82.0673
78.6401
61.0523
41.5174
34.727
48.088
88.5769
96.8474
18.5186
56.9628
52.4979
19.5685
48.4787
47.8927
11.6977
22.7393
66.3595
2.8901
48.32
25.425
68.5263
22.1717
43.7849
87.0937
15.2898
58.6444
87.8689
42.9823
37.315
61.1774
61.3514
18.5614
4.73037
29.7891
82.9707
51.2223
74.5506
35.8806
61.2323
97.3296
82.0338
10.6174
41.7463
52.7238
91.6379
54.6251
90.6766
64.864
73.1559
72.0573
4.95315
64.6687
18.656
82.2565
89.9045
96.2066
65.9047
12.0365
94.8119
72.3777
43.8063
21.7689
47.1969
34.6995
5.6032
68.395
76.3085
45.3047
65.3462
58.449
66.4815
89.2941
3.32041
94.2717
31.0587
15.5675
56.0656
66.4998
47.3891
94.2808
56.5569
95.9807
43.6171
18.9611
40.2356
78.2037
77.8497
31.5744
82.461
33.4208
0.311289
98.468
83.05
15.5431
39.1644
15.482
63.5121
82.9615
0.558489
70.2689
92.5901
84.3684
23.5817
39.9518
5.74969
62.8193
80.7123
52.2752
34.2662
30.9976
64.3849
88.3511
9.46074
20.9662
50.3677
55.1317
57.7929
61.4002
78.457
5.73138
52.385
85.519
41.2152
35.7341
36.6161
22.7973
21.3569
33.5917
85.4152
77.6086
68.3523
13.2511
19.8767
47.8469
54.9272
7.14133
40.8094
86.8007
4.10779
47.6302
96.8719
61.2384
27.3354
15.0731
52.8855
8.96023
64.388
80.6208
73.9952
48.8662
65.6667
21.8238
91.232
46.672
7.48619
39.2834
64.1957
89.4559
81.0114
52.3362
6.39668
72.0908
45.4268
2.01117
88.937
48.7106
86.0286
39.3292
88.113
52.3667
67.7786
27.0516
92.6328
35.9478
25.0282
33.0699
35.9783
37.5256
77.9901
43.498
69.6219
23.2398
16.5624
73.6259
42.674
10.8493
42.2193
4.83413
3.60729
27.0608
8.47804
25.6417
89.6664
1.78228
50.6607
4.93484
19.6112
52.4155
45.5184
75.5974
55.4003
61.3086
91.3755
56.5752
48.4298
99.4934
49.3912
91.5769
36.0057
99.8505
36.6039
32.4656
3.58898
32.7952
11.3407
45.5367
78.5211
87.6553
41.6242
68.749
70.7938
12.7873
97.2442
98.0682
26.5542
17.6855
56.0503
31.0251
9.87884
90.0418
65.1662
45.6557
78.5333
31.0251
47.673
42.8694
69.274
61.8549
95.4588
30.4636
58.3697
4.73952
38.7951
76.8426
12.9337
91.4182
33.3262
12.5797
98.6908
2.29499
55.0462
7.99585
59.8224
89.4406
43.907
4.79141
36.5215
86.4315
86.7153
29.9203
35.8379
58.2904
79.8547
69.8477
21.5003
94.5555
62.5813
33.2255
38.2855
98.648
61.4063
80.2301
36.5856
76.6472
36.2438
46.5712
12.8147
78.6248
68.9718
40.4065
31.2387
95.6267
84.9483
40.1868
42.8846
65.4317
48.2101
71.6208
67.1468
90.2615
20.9021
91.8821
51.7136
19.4891
27.5979
59.1296
76.4244
0.549333
15.125
15.5553
16.7241
51.1002
48.5244
61.9831
32.3008
55.623
33.7626
52.2294
96.5178
39.5581
7.84936
85.2931
32.3405
24.1096
86.9228
23.542
70.2994
14.8137
12.9978
14.9876
94.1435
27.0547
89.9869
47.7859
89.8495
1.59917
49.5346
15.0884
63.5334
13.2969
37.4584
18.3996
43.9741
26.0811
61.2323
87.4752
35.2824
97.3632
89.288
45.0056
35.4534
84.9879
42.6618
94.1343
86.3033
59.8437
69.6829
56.917
70.5069
77.2637
44.264
41.9446
21.3385
10.3153
78.4631
69.1458
60.7196
98.1964
89.9289
29.9417
31.1991
12.7018
14.8595
10.9226
37.5317
96.0723
7.07419
59.0686
63.4327
73.1773
13.8707
16.7302
79.162
91.3022
69.2343
4.45265
5.54216
90.5515
95.0743
79.7906
50.0748
58.0706
51.1063
50.1755
80.697
69.1702
23.9509
68.0929
52.9282
68.4805
96.1669
86.523
55.9099
94.2961
85.7326
2.91757
93.0357
99.1821
96.7254
69.7623
62.7674
70.0034
71.7063
99.8444
55.2995
0.512711
86.5139
44.4075
30.6223
19.5685
78.0602
72.2587
93.6979
28.1625
45.7564
27.9824
32.2947
48.3627
17.2033
97.3907
33.1919
37.2845
18.7567
58.2904
42.2773
69.2343
41.6028
44.7981
84.2311
39.143
43.968
3.16782
7.43126
90.4111
80.0958
67.4184
69.6554
20.2704
96.5789
32.7647
30.2133
65.8742
86.7306
55.0584
64.1896
24.0913
43.5743
54.3016
64.3452
8.27662
2.09052
50.4135
46.3668
95.0621
11.3437
9.33561
23.0384
64.3025
27.1249
27.6009
63.0055
85.3267
65.7308
33.5337
99.7009
52.5803
9.476
33.1492
6.14032
23.838
4.62355
78.927
1.11698
64.0583
42.3017
89.5352
2.49336
48.0239
63.0421
98.6847
93.1791
24.9092
75.6096
61.1835
15.421
97.8942
30.6864
94.3724
59.0655
21.9062
40.08
82.9981
59.3616
72.7073
82.0521
25.7241
69.9667
90.3317
83.4101
51.3596
26.7891
50.1083
18.9825
82.9188
68.2638
64.3422
19.1137
77.6696
27.6803
67.7572
25.7607
21.308
63.2527
89.8892
87.8781
4.32142
41.4563
67.4795
36.6741
58.7298
39.3414
0.0793481
31.37
83.2698
81.4264
1.9013
16.1016
35.2367
76.7479
53.0992
78.5791
16.9958
71.7643
3.59508
51.1032
35.3832
84.7011
32.5694
44.6364
62.0624
36.9427
16.718
56.4653
72.985
47.1541
10.4587
42.1491
95.0987
3.68969
91.1527
92.3185
38.374
80.9839
72.4784
5.02029
41.3404
15.4576
39.143
94.1801
8.18506
6.68966
5.94806
24.7932
65.6301
59.3493
54.442
15.5553
17.6061
31.605
50.2091
99.4568
25.9407
5.59099
93.9543
83.0164
95.1445
45.5855
9.50652
94.7905
89.3887
59.4806
21.8635
63.7562
59.8956
29.2276
28.3853
18.189
10.7425
25.837
16.2877
45.6954
81.3166
74.5689
29.5663
4.98672
73.4581
85.9615
38.4167
30.0455
1.4771
18.2806
14.3559
17.2887
93.1639
87.0754
64.1377
36.3872
19.837
87.3836
25.5257
55.3026
83.7062
44.2946
78.1976
20.249
40.5011
57.4419
72.7073
81.1518
85.6502
55.0676
30.8298
3.19834
81.9971
23.2765
20.2673
55.2202
57.2954
26.1269
56.9079
15.3935
49.5285
82.1558
37.7331
84.9818
28.1991
12.9582
57.564
50.6882
69.7501
29.5053
12.6469
86.3033
15.1799
71.7338
44.3495
34.1899
88.0337
67.1163
25.9743
57.3107
0.842311
23.777
45.8724
2.35603
28.2174
23.8319
89.993
64.6779
74.5964
32.5175
76.9311
95.5565
14.9022
88.7783
48.6831
42.4909
36.1553
92.935
70.1559
63.152
58.1866
57.033
40.6171
3.5432
61.5741
33.5185
70.159
81.0907
0.943022
87.8597
24.3446
63.1947
31.7454
30.723
90.1578
81.9636
28.5989
75.3868
66.3015
75.6706
23.4291
35.9111
31.1319
97.6012
41.377
31.8278
91.1771
82.9127
62.7613
14.8198
63.4663
14.1301
89.0774
83.1782
94.8119
75.8965
41.2671
99.5025
71.0715
39.5825
68.3309
77.4132
19.6051
68.4591
94.3907
52.7848
58.037
83.9412
82.3878
5.20035
92.3856
83.6299
42.4879
45.2254
17.777
51.7319
63.3534
33.1034
24.8024
52.4613
94.3663
44.5601
64.6657
47.1114
56.975
49.266
76.2352
25.3548
13.2725
17.655
28.1686
91.4365
69.9026
21.6437
79.1589
95.88
45.4482
44.966
9.50041
53.328
79.4458
68.6819
27.0547
37.1166
11.0965
47.4929
0.753807
91.2748
5.8504
42.5336
24.7871
50.4807
57.9455
26.2154
66.5487
8.69777
47.0656
24.7627
1.51067
27.0425
77.224
14.0751
88.1558
21.5308
75.9911
34.5378
86.0378
21.3599
82.2047
40.4004
70.159
38.2946
0.265511
49.3423
44.7493
37.8185
49.2019
7.87378
9.58281
52.678
84.5241
38.1726
81.9758
29.4351
21.1066
81.988
27.5399
48.6221
35.1512
7.24815
2.8901
9.20438
73.3787
92.9899
63.3625
17.8869
47.5631
58.2141
38.8989
73.9341
42.5764
50.3372
31.2479
90.1395
15.9734
58.8305
35.5327
40.5408
17.3742
69.6554
39.4055
75.5211
5.64287
26.191
2.83212
94.9126
92.0743
12.186
71.691
19.7394
87.6644
22.4311
28.251
53.2212
82.6167
36.7443
31.7393
71.6392
36.2072
62.9048
52.028
35.7463
5.10269
64.1591
49.6261
63.274
88.3084
36.9121
5.09354
53.2182
16.8096
54.2497
50.9873
2.49641
66.1122
40.8979
9.45769
5.63066
19.7028
95.2605
88.6715
78.0328
61.6565
24.1432
41.0932
93.5789
26.4504
5.81072
36.8694
77.0501
84.1304
46.9802
55.3301
42.082
88.9523
49.3728
47.7798
15.2501
69.6341
51.4908
74.749
36.9121
89.3307
61.1927
70.7205
79.4397
53.4501
44.7157
39.5672
73.4336
93.469
87.7712
33.7748
82.6075
4.81277
94.3419
20.539
17.9052
67.0186
38.7921
87.9574
31.5073
24.1707
36.9243
94.3358
81.341
53.9109
51.6037
13.8188
6.72933
2.94504
98.5839
81.4325
5.80767
17.3772
68.1448
90.6186
55.2904
45.8113
28.193
46.5102
63.2801
43.4736
24.4118
27.9336
95.6969
55.4399
43.1104
61.3483
66.9485
7.06809
52.4125
59.8285
35.5235
79.7968
87.3592
30.2011
95.0529
0.393689
94.6135
1.48015
1.51067
21.8665
2.33161
77.7062
27.2134
24.0303
30.8908
68.3248
82.1314
11.9663
10.0131
99.2523
93.2707
40.4462
18.0029
57.6891
82.6533
42.4665
8.66115
73.8884
34.5744
89.996
41.5174
92.9411
92.7366
65.0838
81.0175
39.7137
77.868
69.4449
80.2759
30.1248
66.5151
50.6363
15.0121
31.7606
21.5644
72.982
83.3491
27.1065
15.1585
11.3163
36.9762
82.3878
34.608
95.7427
59.4867
75.2159
11.9572
85.4488
57.3229
84.1639
67.7877
99.8047
79.0796
93.3683
9.90936
84.753
28.7637
15.2776
77.5689
42.7259
88.5952
84.7346
71.7826
4.12305
17.0202
27.4117
62.4195
68.5537
37.5439
55.858
12.6988
93.8871
84.0083
96.1394
11.6428
61.33
17.9296
98.3093
55.2232
94.5647
83.5536
33.7992
66.7074
61.1225
16.1992
32.8166
96.9298
34.135
69.5914
64.9281
95.0591
42.5275
77.7062
15.9185
90.4813
87.8231
16.8706
64.098
76.4641
55.6902
83.6451
9.09146
36.2011
0.323496
54.1581
56.3463
1.84027
29.8196
40.5225
10.3946
87.1792
70.6198
9.93377
80.05
84.579
39.2163
82.1039
48.6221
66.8111
99.2004
70.6107
12.3142
84.3623
31.7637
83.8618
39.9182
98.9044
97.8484
51.2131
56.8804
43.5072
19.9622
89.935
6.94906
50.2426
61.9068
78.6065
94.4884
35.7921
34.4401
52.5834
60.5213
85.6777
5.04776
87.1792
95.7884
27.7749
39.967
84.1365
43.7269
35.6883
56.5264
27.0608
96.7315
52.6353
13.9744
21.4393
38.5907
76.4733
20.9418
84.817
36.4452
96.4843
87.5698
2.82601
35.2
22.5227
0.531022
16.6509
57.6495
97.2106
49.0371
57.5579
63.3625
31.7026
79.9066
94.1191
69.512
55.7939
9.88494
7.77001
86.7214
22.8248
73.3299
62.3096
73.0735
60.155
33.3293
82.9493
59.4226
5.73138
34.4798
10.5777
49.1134
21.4484
25.3304
46.8551
45.2345
23.8655
28.724
55.7237
8.55434
22.9316
88.0947
37.0067
99.2126
9.36308
67.8701
37.7056
5.34989
81.2586
36.1034
16.6082
11.8015
50.6119
7.44346
27.842
11.8778
20.3253
74.6147
39.0149
15.5187
72.3502
6.44856
49.5163
56.8163
57.5976
40.6934
24.6834
54.0696
28.2235
49.6323
11.3712
25.5501
2.92978
6.71102
50.6302
13.9927
5.88397
32.2489
53.032
23.0567
69.9149
46.379
52.3728
18.7994
44.5601
7.33665
3.27769
99.3042
99.6765
63.2466
38.3953
85.6227
65.1204
95.4711
50.7797
37.1197
97.2289
81.7286
17.0934
44.3464
12.6682
57.0299
27.2774
2.60018
80.2972
0.613422
36.2377
19.2541
11.6306
26.9723
3.296
58.0065
40.6323
9.09452
34.9101
73.1712
33.3048
12.0914
96.353
37.1319
17.8564
65.2638
7.96838
14.0873
75.9606
50.7859
91.6349
83.2118
85.7845
37.1319
83.0042
64.333
57.4053
35.3191
75.2373
49.3088
51.2406
6.15864
9.77813
92.1751
20.0781
96.5972
79.8425
61.1988
65.4103
33.2652
62.1967
5.99078
48.6129
51.4206
42.9273
42.7686
47.6485
87.3318
52.7421
10.9043
99.9176
12.2623
77.4804
3.90637
21.8177
36.2224
59.444
27.9153
45.7564
59.5233
55.1805
90.8872
65.1082
0.323496
65.3188
75.5425
27.8359
76.3024
2.11798
99.2584
69.3716
68.5202
10.3275
13.9683
25.367
45.6618
6.99789
49.2477
14.9541
76.7388
55.8428
51.6831
35.1543
10.3946
41.8348
23.6427
57.0177
48.9547
61.5772
14.6153
64.1713
95.291
95.1567
68.1814
24.3599
0.704978
75.0481
77.7856
34.6324
91.8943
17.7099
54.4389
30.7627
5.1149
33.5337
59.4287
1.58391
5.7741
80.6757
5.22477
98.8067
21.4026
78.5302
77.6544
82.9737
66.3045
46.3424
82.4854
96.1943
85.8913
82.6868
69.5761
2.22175
98.8983
51.3443
37.6629
84.5943
65.5385
89.2819
72.9514
43.3271
59.801
2.32856
24.6132
80.9564
73.9433
64.156
70.3299
18.3996
33.3476
84.2006
74.987
31.3486
49.8642
60.1764
95.6847
47.7889
91.7264
80.7794
36.1187
97.2777
98.233
94.1893
3.55846
52.62
17.2399
8.04163
71.4255
54.5183
93.6705
36.4666
0.711081
59.8987
87.0846
59.8071
23.2856
4.44655
46.5041
12.6713
40.2448
20.0781
20.5939
65.9322
38.435
97.8698
31.2845
18.2928
78.2525
37.1441
89.0378
63.036
55.8611
71.334
77.7978
45.616
92.9594
11.1759
87.8475
77.6849
57.1917
95.9807
24.5796
23.1697
66.3656
93.4568
71.4194
22.0985
79.5801
38.8623
34.9345
67.6778
28.3822
54.0086
50.3494
2.36518
91.1039
36.7626
75.4601
