0
0.0122074
0.0152593
0.0152593
0.0335704
0.0366222
0.0457778
0.0457778
0.0579852
0.0671407
0.0671407
0.0701926
0.106815
0.11597
0.146489
0.158696
0.170904
0.177007
0.189215
0.204474
0.21363
0.234993
0.238044
0.244148
0.2472
0.28077
0.286874
0.302133
0.308237
0.314341
0.314341
0.323496
0.326548
0.341807
0.347911
0.360118
0.37843
0.37843
0.381481
0.384533
0.393689
0.415052
0.421155
0.421155
0.427259
0.430311
0.439467
0.442518
0.451674
0.451674
0.466933
0.473037
0.485244
0.491348
0.503555
0.506607
0.518815
0.521867
0.52797
0.543229
0.549333
0.552385
0.555437
0.573748
0.61037
0.613422
0.613422
0.619526
0.653096
0.665304
0.677511
0.683615
0.686666
0.69277
0.698874
0.714133
0.717185
0.720237
0.729392
0.732444
0.7416
0.7416
0.747703
0.750755
0.750755
0.762963
0.769066
0.778222
0.781274
0.787378
0.811792
0.814844
0.814844
0.842311
0.851466
0.860622
0.860622
0.885037
0.900296
0.933866
0.955229
0.961333
0.967437
0.970489
0.976592
0.991852
0.991852
0.994903
1.00101
1.00406
1.01627
1.01932
1.03153
1.04678
1.05594
1.06204
1.10172
1.10782
1.10782
1.12003
1.13529
1.14139
1.14444
1.1536
1.1597
1.1597
1.20243
1.20548
1.20853
1.22379
1.23905
1.2421
1.25126
1.27262
1.28178
1.30009
1.33061
1.34892
1.35502
1.36418
1.37944
1.4008
1.41301
1.43132
1.48015
1.48625
1.49236
1.49541
1.49846
1.50456
1.50761
1.50761
1.51372
1.51982
1.53203
1.53508
1.53813
1.5717
1.5717
1.58086
1.58391
1.58391
1.59612
1.60222
1.61138
1.61443
1.62969
1.648
1.66326
1.66326
1.68157
1.69378
1.69683
1.69988
1.72124
1.7304
1.73956
1.74261
1.75176
1.75481
1.76702
1.77313
1.78838
1.79144
1.80364
1.8128
1.83416
1.89825
1.90741
1.91351
1.91656
1.92267
1.93182
1.94708
1.95318
1.9715
1.9837
1.98981
1.99286
2.00812
2.01727
2.01727
2.03253
2.04474
2.04779
2.04779
2.0539
2.05695
2.06
2.07221
2.08747
2.11188
2.1424
2.14545
2.14545
2.15766
2.16376
2.17292
2.17597
2.18207
2.19428
2.19733
2.20344
2.21564
2.22785
2.23395
2.24006
2.24616
2.24921
2.25227
2.25837
2.26447
2.27363
2.28889
2.30415
2.30415
2.3072
2.33161
2.33161
2.33772
2.35298
2.36518
2.36824
2.37434
2.37739
2.3835
2.40181
2.40791
2.42622
2.42927
2.44453
2.44758
2.45064
2.472
2.49641
2.49947
2.51778
2.53609
2.55135
2.58187
2.58797
2.59407
2.59713
2.62459
2.62764
2.66121
2.66732
2.67342
2.70089
2.70699
2.71615
2.73141
2.74056
2.74972
2.75277
2.75277
2.76803
2.76803
2.77108
2.78634
2.79244
2.8077
2.81075
2.81381
2.81381
2.83517
2.84127
2.84738
2.85348
2.85348
2.86569
2.86569
2.86569
2.87484
2.88705
2.89315
2.91147
2.91147
2.95419
2.9664
2.96945
2.9725
2.98471
2.98471
2.98776
2.99081
3.00302
3.00912
3.02133
3.02438
3.03964
3.0488
3.05795
3.06101
3.06406
3.06406
3.06406
3.08237
3.08847
3.1312
3.1312
3.13425
3.14646
3.15256
3.15561
3.16172
3.16782
3.17392
3.18613
3.18613
3.18613
3.18918
3.20139
3.2197
3.2197
3.22886
3.24717
3.26243
3.32347
3.32652
3.32957
3.32957
3.34788
3.35093
3.35398
3.35704
3.3723
3.41197
3.41502
3.43333
3.43944
3.44859
3.44859
3.48521
3.49132
3.50047
3.51573
3.51878
3.52794
3.55541
3.55541
3.55541
3.56761
3.58287
3.58592
3.58592
3.59203
3.59508
3.62255
3.62865
3.63781
3.64086
3.65001
3.708
3.72936
3.73852
3.74767
3.77819
3.77819
3.78124
3.78735
3.79955
3.79955
3.80566
3.81787
3.84533
3.85144
3.8667
3.87585
3.8789
3.88806
3.88806
3.89416
3.90027
3.90942
3.93078
3.93078
3.93689
3.94299
3.94299
3.94604
3.95215
3.9613
3.96435
3.97351
4.00708
4.01013
4.02234
4.02539
4.0315
4.03455
4.04065
4.05591
4.06201
4.08338
4.08338
4.09864
4.10169
4.11695
4.14747
4.15357
4.16883
4.21461
4.22376
4.22376
4.23292
4.23902
4.24207
4.30006
4.30311
4.30616
4.30616
4.31532
4.33058
4.34278
4.34278
4.35194
4.3672
4.3733
4.39467
4.39772
4.41603
4.42824
4.43739
4.46486
4.46486
4.46486
4.46791
4.49843
4.50453
4.50453
4.51369
4.51369
4.51979
4.52284
4.52284
4.5259
4.53505
4.53505
4.55947
4.56557
4.56862
4.59609
4.6144
4.63271
4.63271
4.64797
4.64797
4.65712
4.66628
4.68459
4.69375
4.69985
4.7029
4.71816
4.73952
4.75173
4.75173
4.7853
4.7853
4.79141
4.80056
4.81277
4.82803
4.84634
4.85549
4.85549
4.88907
4.90127
4.91043
4.93484
4.93789
4.94095
4.944
4.9501
4.98367
4.99893
5.01114
5.02335
5.02335
5.0264
5.03861
5.05081
5.05692
5.08133
5.09659
5.09964
5.1088
5.12711
5.12711
5.13016
5.13321
5.14847
5.17899
5.18509
5.18815
5.21256
5.22477
5.23392
5.23392
5.26139
5.26444
5.27055
5.27665
5.2797
5.28275
5.28581
5.29191
5.29801
5.31022
5.31938
5.32243
5.32548
5.32853
5.33769
5.34989
5.35905
5.37431
5.37736
5.39262
5.41398
5.42924
5.42924
5.44755
5.45061
5.45366
5.46587
5.46587
5.46892
5.52385
5.54521
5.55742
5.56658
5.57268
5.58184
5.58489
5.58489
5.58794
5.6093
5.61235
5.61541
5.62456
5.62761
5.63066
5.63677
5.64592
5.65508
5.66729
5.67034
5.70696
5.76495
5.81072
5.81683
5.81988
5.82293
5.82598
5.82598
5.82904
5.84124
5.8504
5.86566
5.87481
5.87787
5.88702
5.89923
5.92059
5.92059
5.92364
5.9328
5.93585
5.96026
5.97858
5.98468
5.98773
5.99384
6.00299
6.02435
6.04877
6.07624
6.07624
6.07929
6.08539
6.08539
6.0976
6.11896
6.14032
6.14338
6.14643
6.14643
6.14948
6.16169
6.17084
6.17084
6.17695
6.18915
6.21052
6.22883
6.23493
6.23493
6.24714
6.25324
6.25324
6.25629
6.2685
6.27155
6.27766
6.28376
6.28681
6.30207
6.33564
6.3448
6.3448
6.3509
6.36616
6.36616
6.37532
6.38142
6.40889
6.41804
6.42109
6.42415
6.43025
6.44246
6.44856
6.44856
6.45772
6.46382
6.46687
6.47298
6.47603
6.48824
6.50349
6.53707
6.56148
6.57063
6.58589
6.58895
6.5981
6.62252
6.62557
6.62557
6.63167
6.64693
6.64998
6.64998
6.64998
6.65914
6.65914
6.67135
6.67745
6.70187
6.70797
6.72018
6.74154
6.7629
6.79037
6.83309
6.8392
6.84225
6.84835
6.84835
6.85446
6.86361
6.86666
6.88498
6.89108
6.91244
6.91855
6.92465
6.95212
6.96432
6.96432
6.96738
6.98569
6.98874
6.99179
7.004
7.004
7.00705
7.0101
7.02536
7.02841
7.02841
7.03146
7.03757
7.04062
7.04367
7.04672
7.05588
7.07114
7.07114
7.08029
7.08945
7.08945
7.09555
7.11386
7.14133
7.14438
7.20237
7.21458
7.22373
7.22373
7.24509
7.24815
7.25425
7.26341
7.26951
7.27561
7.27866
7.28172
7.28477
7.29698
7.30918
7.31834
7.32139
7.3336
7.35801
7.37022
7.38548
7.40379
7.40989
7.41295
7.41295
7.416
7.41905
7.42515
7.43126
7.43431
7.44346
7.44652
7.47093
7.47093
7.47093
7.47703
7.48009
7.48009
7.49535
7.5045
7.51976
7.52892
7.56859
7.57469
7.5808
7.58385
7.58385
7.58995
7.59606
7.59911
7.61132
7.63573
7.68151
7.68456
7.69982
7.70592
7.71508
7.72423
7.72729
7.73034
7.74255
7.75475
7.75475
7.75475
7.75781
7.76086
7.77001
7.79138
7.79138
7.79443
7.79748
7.80053
7.80663
7.82189
7.82495
7.84021
7.86157
7.86157
7.88903
7.89819
7.90735
7.9104
7.9165
7.92566
7.92871
7.95618
7.95923
7.99585
8.005
8.02332
8.02637
8.02637
8.02942
8.05383
8.05994
8.06604
8.07825
8.08741
8.09046
8.09656
8.09656
8.11792
8.13013
8.16065
8.1637
8.18201
8.19117
8.20032
8.20643
8.21253
8.21558
8.22474
8.22474
8.23695
8.23695
8.2461
8.25831
8.26746
8.27052
8.28272
8.29798
8.31019
8.31324
8.31935
8.34376
8.34376
8.35292
8.37428
8.38038
8.38343
8.38954
8.40175
8.42311
8.42616
8.45363
8.45363
8.46278
8.50246
8.51772
8.53603
8.54213
8.54518
8.54823
8.56044
8.5757
8.59401
8.60012
8.62758
8.63674
8.63979
8.63979
8.64284
8.652
8.6642
8.66726
8.67641
8.69167
8.69167
8.70693
8.70998
8.70998
8.71303
8.72829
8.73745
8.7405
8.7466
8.74966
8.75881
8.75881
8.79543
8.80154
8.80764
8.81069
8.83816
8.84121
8.85342
8.87478
8.88394
8.88699
8.89004
8.9114
8.91446
8.92972
8.93277
8.93277
8.93277
8.93582
8.93582
8.94192
8.94497
8.96939
8.99075
8.99075
9.02127
9.04263
9.04569
9.06095
9.064
9.09146
9.09146
9.10367
9.12809
9.13419
9.14029
9.14335
9.1464
9.14945
9.16166
9.16166
9.16166
9.16776
9.16776
9.18607
9.18912
9.20438
9.21049
9.2349
9.26847
9.27152
9.27152
9.28373
9.28983
9.28983
9.30509
9.3112
9.3234
9.3234
9.32951
9.36003
9.37529
9.38749
9.43022
9.43022
9.46989
9.46989
9.50041
9.50652
9.50652
9.51567
9.52788
9.54314
9.5584
9.58586
9.60723
9.61333
9.63775
9.65911
9.66521
9.66521
9.68657
9.68963
9.70489
9.71404
9.75677
9.75982
9.76592
9.76592
9.77508
9.78118
9.78118
9.78729
9.79034
9.80865
9.8117
9.82086
9.82086
9.82391
9.82696
9.84222
9.85748
9.888
9.90631
9.90936
9.92157
9.92767
9.93683
9.98566
9.98566
9.98566
10.0192
10.0314
10.0375
10.0497
10.0589
10.065
10.0803
10.0833
10.0833
10.0894
10.1138
10.1169
10.1321
10.1352
10.1444
10.1474
10.1627
10.181
10.184
10.1962
10.2023
10.2054
10.2359
10.239
10.242
10.2481
10.2512
10.2725
10.3
10.3549
10.3641
10.3763
10.3824
10.3946
10.4068
10.4129
10.4221
10.4465
10.4526
10.4831
10.4862
10.4892
10.4923
10.4984
10.5045
10.538
10.5625
10.5808
10.5838
10.5838
10.596
10.6021
10.6113
10.6143
10.6265
10.6265
10.6388
10.651
10.6632
10.6693
10.7028
10.715
10.7242
10.7486
10.7486
10.7608
10.7852
10.7852
10.8036
10.8127
10.8158
10.8158
10.8188
10.8463
10.8493
10.8524
10.8524
10.8524
10.8524
10.8554
10.8554
10.8585
10.889
10.8921
10.9134
10.9195
10.9317
10.9378
10.9439
10.947
10.947
10.9806
11.0111
11.0202
11.0233
11.0233
11.0263
11.0294
11.0477
11.063
11.0874
11.1332
11.1362
11.1362
11.1484
11.1515
11.1515
11.1789
11.1789
11.1942
11.2064
11.2094
11.2278
11.2308
11.2308
11.2491
11.2522
11.2522
11.2552
11.2552
11.2735
11.2949
11.3102
11.3468
11.3529
11.3987
11.4048
11.4078
11.4139
11.42
11.4261
11.4383
11.4475
11.4628
11.4658
11.4689
11.4811
11.4811
11.4872
11.4933
11.4963
11.4994
11.5085
11.5116
11.5452
11.5787
11.6031
11.6092
11.6306
11.655
11.655
11.655
11.655
11.6581
11.6581
11.6642
11.6703
11.6733
11.6977
11.7038
11.7069
11.7161
11.7222
11.7496
11.7557
11.7588
11.7862
11.8046
11.8107
11.8229
11.8473
11.8564
11.8564
11.8686
11.89
11.8961
11.9114
11.9297
11.9297
11.9327
11.9419
11.9449
11.948
11.948
11.951
11.9663
11.9755
11.9846
12.009
12.0426
12.0426
12.0487
12.0731
12.0762
12.0762
12.0762
12.0884
12.0884
12.0945
12.0975
12.1036
12.1128
12.1128
12.122
12.125
12.1281
12.1342
12.1403
12.1586
12.1708
12.1738
12.186
12.186
12.186
12.1982
12.2166
12.2166
12.2196
12.2196
12.2318
12.2471
12.299
12.302
12.302
12.302
12.302
12.3173
12.3173
12.3264
12.3325
12.3478
12.3508
12.3539
12.3539
12.3539
12.3722
12.3783
12.4058
12.4149
12.4149
12.4302
12.4363
12.4638
12.4638
12.4729
12.476
12.4821
12.4912
12.4912
12.4912
12.4943
12.5309
12.5309
12.5401
12.5523
12.5675
12.5736
12.5767
12.5858
12.6011
12.6102
12.6164
12.6225
12.6286
12.6438
12.6499
12.653
12.656
12.6682
12.6835
12.6865
12.7232
12.7293
12.7323
12.7384
12.7476
12.7567
12.7598
12.7659
12.772
12.775
12.775
12.7934
12.8056
12.8361
12.8391
12.8544
12.8544
12.8636
12.8697
12.8788
12.8788
12.9093
12.9093
12.9124
12.9124
12.9124
12.9154
12.9582
12.9582
12.9704
12.9734
12.9734
13.0222
13.0222
13.0558
13.068
13.0711
13.0802
13.0863
13.0894
13.0985
13.0985
13.1046
13.1138
13.1291
13.1809
13.1809
13.187
13.1932
13.1932
13.2023
13.2328
13.2389
13.245
13.2481
13.2664
13.2817
13.2847
13.2878
13.2969
13.3122
13.3122
13.3366
13.3518
13.361
13.3854
13.3854
13.3854
13.3976
13.4037
13.4342
13.4495
13.4526
13.4526
13.4617
13.4831
13.4892
13.4922
13.5044
13.5075
13.5136
13.535
13.5441
13.5594
13.5716
13.6113
13.6387
13.6601
13.6631
13.6723
13.6967
13.6998
13.7181
13.7272
13.7303
13.7364
13.7394
13.7516
13.7638
13.77
13.7791
13.8035
13.8127
13.8157
13.831
13.834
13.8462
13.8829
13.8829
13.8859
13.8859
13.9012
13.9286
13.9286
13.9561
13.9836
13.9927
13.9988
14.011
14.0263
14.0324
14.066
14.069
14.0721
14.0812
14.0843
14.1118
14.127
14.1484
14.1667
14.1697
14.1911
14.2155
14.2186
14.2216
14.2216
14.2308
14.2369
14.243
14.2521
14.2735
14.3254
14.3284
14.3284
14.3315
14.3498
14.3559
14.362
14.3742
14.3895
14.3925
14.4139
14.4292
14.4353
14.4475
14.4475
14.4505
14.4749
14.4749
14.481
14.4932
14.4993
14.4993
14.5177
14.5268
14.5299
14.536
14.5421
14.5482
14.597
14.6153
14.6214
14.658
14.6641
14.6702
14.713
14.7191
14.7221
14.7221
14.7282
14.7374
14.7404
14.7435
14.7465
14.7526
14.7588
14.7679
14.771
14.774
14.7923
14.8045
14.8228
14.8289
14.8442
14.8503
14.8595
14.8869
14.9022
14.948
14.9724
14.9785
14.9846
14.9846
14.9937
15.0029
15.009
15.0273
15.0395
15.0639
15.067
15.0761
15.0761
15.0914
15.0945
15.1097
15.1433
15.1463
15.1494
15.1952
15.1952
15.2104
15.2165
15.2409
15.244
15.247
15.2562
15.2562
15.2562
15.2593
15.2654
15.2898
15.302
15.3386
15.3417
15.3447
15.3569
15.363
15.3935
15.4027
15.4271
15.4302
15.4424
15.4546
15.4546
15.4759
15.482
15.4881
15.4942
15.4942
15.5003
15.5126
15.5217
15.537
15.537
15.54
15.5522
15.5614
15.5675
15.5705
15.5705
15.6133
15.6163
15.6255
15.6346
15.6468
15.6499
15.656
15.6743
15.6987
15.714
15.717
15.7201
15.7231
15.7231
15.7292
15.7353
15.772
15.7872
15.7872
15.8086
15.8361
15.8361
15.8391
15.8574
15.8666
15.8696
15.8727
15.8727
15.8849
15.8849
15.9032
15.9124
15.9429
15.9459
15.952
15.9673
15.9886
16.0009
16.0039
16.0039
16.0222
16.0283
16.0283
16.0497
16.0497
16.0588
16.068
16.0833
16.0985
16.1077
16.1107
16.1138
16.1168
16.1229
16.1321
16.1351
16.1382
16.1412
16.1504
16.1534
16.1534
16.1565
16.1565
16.1779
16.187
16.1901
16.1901
16.1931
16.1962
16.1992
16.2053
16.2114
16.2145
16.2175
16.2328
16.2358
16.2389
16.242
16.2481
16.2542
16.2633
16.2847
16.2908
16.2999
16.3091
16.3518
16.364
16.3671
16.3823
16.3915
16.3945
16.4006
16.4006
16.4098
16.4129
16.4129
16.4129
16.4251
16.4251
16.4281
16.4281
16.4342
16.4525
16.4525
16.4556
16.48
16.483
16.4861
16.4861
16.4892
16.4953
16.5014
16.5044
16.5227
16.5319
16.5319
16.5349
16.5593
16.5685
16.5746
16.5807
16.5807
16.6082
16.6143
16.6173
16.6173
16.6234
16.6326
16.6417
16.6417
16.6478
16.6539
16.6631
16.6662
16.6784
16.6814
16.6875
16.6936
16.7119
16.7211
16.7211
16.7333
16.7516
16.7577
16.773
16.776
16.7791
16.7791
16.7882
16.7913
16.8004
16.8096
16.8096
16.8096
16.8218
16.8249
16.8279
16.831
16.8493
16.8523
16.8859
16.892
16.8981
16.9042
16.9439
16.9439
16.9561
16.9744
16.9836
16.9866
16.9897
16.9927
16.9988
17.0049
17.011
17.0446
17.0446
17.0598
17.069
17.0904
17.0904
17.0904
17.0965
17.1026
17.1514
17.1606
17.1636
17.1819
17.2063
17.2094
17.2185
17.2216
17.2246
17.2735
17.2948
17.307
17.3193
17.3193
17.3223
17.3254
17.3406
17.3528
17.3589
17.365
17.3803
17.3864
17.3925
17.4017
17.4169
17.4352
17.4444
17.4566
17.4566
17.4657
17.478
17.4841
17.4932
17.4932
17.4963
17.4963
17.5054
17.5054
17.5176
17.5329
17.542
17.5542
17.5573
17.5634
17.5665
17.5726
17.5726
17.5756
17.6031
17.6153
17.6305
17.658
17.6611
17.6672
17.6733
17.6733
17.6763
17.6794
17.6794
17.6794
17.6855
17.6855
17.6885
17.6946
17.7038
17.7038
17.7068
17.7221
17.7221
17.7221
17.7252
17.7252
17.7282
17.7343
17.7404
17.7435
17.7618
17.7648
17.8014
17.8045
17.8106
17.8228
17.8411
17.8747
17.8777
17.8808
17.8808
17.8899
17.9144
17.9174
17.9327
17.9327
17.9388
17.9632
17.9662
17.9724
18.012
18.0151
18.0609
18.0822
18.0944
18.1005
18.1066
18.131
18.1402
18.1433
18.1463
18.1555
18.1616
18.1738
18.1768
18.1768
18.186
18.186
18.189
18.2012
18.2379
18.2409
18.2501
18.2592
18.2867
18.2928
18.2958
18.3111
18.3172
18.3172
18.3447
18.3477
18.363
18.366
18.3691
18.3752
18.3752
18.3782
18.3996
18.4301
18.4454
18.4545
18.4606
18.482
18.4912
18.4973
18.5003
18.5217
18.5339
18.5553
18.5614
18.5705
18.5949
18.5949
18.601
18.601
18.6102
18.6163
18.6499
18.6499
18.6651
18.6682
18.6804
18.6834
18.6926
18.7017
18.717
18.7201
18.7384
18.7536
18.7567
18.7658
18.7689
18.7933
18.7933
18.8025
18.8086
18.8421
18.8604
18.8635
18.8818
18.8849
18.8879
18.9001
18.9123
18.9154
18.9306
18.9337
18.9367
18.9489
18.9642
18.9703
19.0039
19.0069
19.0069
19.0252
19.0283
19.0466
19.0558
19.0588
19.068
19.068
19.0802
19.0893
19.0954
19.0954
19.0985
19.1198
19.1198
19.1229
19.1259
19.1259
19.1382
19.1412
19.1473
19.1595
19.1687
19.1748
19.19
19.2175
19.2511
19.2511
19.2602
19.2755
19.2816
19.2908
19.303
19.3152
19.3152
19.3182
19.3213
19.3365
19.3426
19.3487
19.3548
19.364
19.3731
19.3762
19.3793
19.3823
19.4189
19.425
19.4372
19.4555
19.4617
19.4617
19.4739
19.4861
19.4983
19.541
19.5532
19.5807
19.5807
19.5868
19.5929
19.5929
19.6051
19.6142
19.6203
19.6203
19.6326
19.6417
19.6539
19.66
19.66
19.66
19.6753
19.6875
19.7089
19.7119
19.718
19.7272
19.7394
19.7668
19.7729
19.779
19.7913
19.7974
19.8126
19.8126
19.8157
19.8279
19.8614
19.8737
19.8767
19.8798
19.8859
19.8859
19.895
19.9011
19.9469
19.9469
19.9622
19.9713
19.9805
19.9835
19.9896
19.9927
20.011
20.0171
20.0262
20.0903
20.1025
20.1086
20.1117
20.1331
20.1361
20.1514
20.1605
20.1697
20.1849
20.1941
20.2094
20.2216
20.2521
20.2521
20.2551
20.2612
20.2765
20.2826
20.304
20.307
20.3101
20.3192
20.3253
20.3284
20.3406
20.3406
20.3497
20.3558
20.365
20.3711
20.3742
20.3772
20.3955
20.4627
20.4688
20.4871
20.4932
20.4962
20.5206
20.5359
20.5573
20.5847
20.5908
20.603
20.6275
20.6336
20.6549
20.6732
20.6793
20.6824
20.6824
20.6824
20.6885
20.7068
20.7221
20.7404
20.7465
20.7526
20.8106
20.8106
20.8167
20.8258
20.8472
20.8563
20.8625
20.8747
20.8808
20.8899
20.893
20.8991
20.9052
20.9143
20.9143
20.9296
20.9357
20.9418
20.9479
20.951
20.9693
20.9723
20.9815
20.9906
20.9906
20.9967
20.9998
21.0242
21.0242
21.0242
21.0364
21.0395
21.0395
21.0425
21.0486
21.0578
21.0639
21.0669
21.0761
21.0822
21.1005
21.1066
21.1127
21.1432
21.1463
21.1554
21.1676
21.1676
21.1798
21.189
21.2073
21.2104
21.2226
21.2256
21.2317
21.2439
21.25
21.25
21.2561
21.2592
21.2684
21.2775
21.2836
21.2867
21.3172
21.3202
21.3263
21.3416
21.363
21.366
21.3843
21.427
21.4393
21.4393
21.4576
21.485
21.4911
21.4942
21.5003
21.5064
21.5094
21.5217
21.5278
21.5339
21.5369
21.54
21.543
21.5522
21.5552
21.5796
21.5979
21.6071
21.6071
21.6132
21.6163
21.6254
21.6346
21.6437
21.6498
21.6529
21.6681
21.6742
21.6834
21.6834
21.6865
21.6895
21.6926
21.6987
21.7139
21.717
21.7383
21.7414
21.7536
21.7841
21.7872
21.7902
21.8116
21.8146
21.8268
21.8329
21.8482
21.8482
21.8543
21.8574
21.8635
21.8635
21.8787
21.894
21.9001
21.9062
21.9062
21.9214
21.9245
21.9306
21.952
21.9703
21.9764
21.9825
21.9886
21.9886
22.0344
22.0435
22.0496
22.0588
22.0649
22.0649
22.0771
22.0862
22.0985
22.1015
22.1076
22.1107
22.1107
22.1259
22.1351
22.1534
22.1686
22.1686
22.1992
22.2022
22.2114
22.2175
22.2175
22.2175
22.2419
22.2449
22.248
22.2602
22.2602
22.2663
22.2724
22.2755
22.2755
22.3121
22.3151
22.3365
22.3365
22.3518
22.3548
22.3701
22.4067
22.4067
22.4097
22.4281
22.4647
22.4799
22.4891
22.5135
22.5227
22.5227
22.5227
22.5288
22.5379
22.541
22.5471
22.5654
22.5715
22.5837
22.5868
22.5959
22.602
22.6081
22.6234
22.6264
22.6356
22.6356
22.6508
22.6539
22.66
22.663
22.6814
22.6844
22.6875
22.6966
22.7027
22.7027
22.718
22.718
22.7271
22.7332
22.7332
22.7363
22.7393
22.7424
22.7485
22.7515
22.7638
22.7729
22.7729
22.7943
22.7943
22.8126
22.8431
22.8523
22.8553
22.895
22.9041
22.9102
22.9133
22.9377
22.9377
22.9408
22.9652
22.9774
22.9835
22.9957
23.014
23.0384
23.0476
23.0567
23.0689
23.072
23.075
23.075
23.0781
23.0812
23.0903
23.0934
23.1056
23.1086
23.1147
23.1269
23.1269
23.13
23.1452
23.1452
23.1635
23.1849
23.1941
23.2185
23.2246
23.2368
23.2887
23.2917
23.31
23.3192
23.3253
23.3314
23.3345
23.3436
23.3528
23.3619
23.368
23.3711
23.3741
23.3741
23.3833
23.4016
23.4107
23.4138
23.4169
23.4413
23.4474
23.4596
23.4626
23.4626
23.4718
23.4809
23.4809
23.484
23.484
23.4993
23.5023
23.5084
23.5511
23.6244
23.6274
23.6305
23.6396
23.6732
23.6976
23.7037
23.7495
23.7526
23.7587
23.7709
23.78
23.7831
23.7861
23.8075
23.8075
23.8075
23.8319
23.835
23.8472
23.8502
23.8685
23.8746
23.8777
23.8807
23.8838
23.9204
23.9296
23.9357
23.9479
23.9509
23.954
23.9692
23.9784
23.9906
24.0059
24.015
24.0181
24.0303
24.0303
24.0364
24.0364
24.0425
24.0455
24.0608
24.0761
24.0913
24.0944
24.1035
24.1127
24.1279
24.1554
24.1585
24.1707
24.1798
24.192
24.192
24.1951
24.2073
24.2103
24.2225
24.2256
24.2317
24.2347
24.25
24.2714
24.2775
24.2897
24.3019
24.308
24.311
24.3141
24.3416
24.3446
24.3507
24.3507
24.3568
24.3568
24.3599
24.366
24.3721
24.4087
24.4118
24.4331
24.4362
24.4392
24.4514
24.4636
24.4636
24.4728
24.4911
24.4942
24.4972
24.4972
24.5064
24.5247
24.5308
24.543
24.5491
24.5582
24.5674
24.5735
24.6132
24.6284
24.6498
24.6498
24.6681
24.6712
24.6803
24.6895
24.6925
24.6986
24.7017
24.7017
24.7139
24.723
24.7475
24.7475
24.7627
24.7688
24.778
24.7902
24.7932
24.7993
24.8024
24.8207
24.8421
24.8695
24.8695
24.8756
24.8817
24.8909
24.8939
24.9184
24.9184
24.9214
24.9214
24.9367
24.9397
24.9519
24.955
24.9702
24.9825
24.9825
24.9947
24.9977
25.0008
25.013
25.016
25.0221
25.0252
25.0282
25.0313
25.0374
25.0435
25.0618
25.0649
25.074
25.074
25.0771
25.0832
25.0923
25.1015
25.1228
25.1564
25.1625
25.1656
25.1717
25.1961
25.2083
25.2083
25.2113
25.2205
25.2388
25.2541
25.2602
25.2602
25.3456
25.3517
25.37
25.3731
25.3853
25.3945
25.4036
25.4158
25.4463
25.4524
25.4555
25.4646
25.4738
25.4769
25.5013
25.5104
25.5135
25.5135
25.5165
25.5318
25.5348
25.5501
25.5531
25.5562
25.5745
25.5745
25.5806
25.5898
25.602
25.605
25.6142
25.6355
25.6386
25.6386
25.6478
25.6569
25.6813
25.6874
25.7027
25.7179
25.721
25.7302
25.7485
25.7576
25.7607
25.7668
25.7698
25.779
25.8003
25.8064
25.8095
25.8095
25.837
25.837
25.84
25.8522
25.8705
25.8889
25.9011
25.9102
25.9194
25.9346
25.9468
25.9774
25.9896
26.0048
26.0048
26.0048
26.0079
26.0079
26.014
26.014
26.0231
26.0262
26.0811
26.0933
26.0964
26.1422
26.1422
26.1635
26.1696
26.1757
26.1757
26.1757
26.1788
26.1849
26.2093
26.2154
26.2246
26.2276
26.2368
26.2398
26.2398
26.2398
26.2459
26.2459
26.2612
26.2734
26.2764
26.2856
26.3039
26.31
26.3131
26.3131
26.3131
26.3222
26.3314
26.3314
26.3375
26.3527
26.3619
26.4046
26.4229
26.426
26.426
26.426
26.4473
26.4595
26.4626
26.4657
26.4687
26.484
26.4901
26.5114
26.5236
26.5633
26.5694
26.5816
26.5847
26.5877
26.603
26.606
26.6213
26.6243
26.6305
26.6335
26.6366
26.6671
26.6671
26.6671
26.6701
26.6793
26.6793
26.6854
26.6884
26.7129
26.7159
26.7159
26.7403
26.7495
26.7495
26.7556
26.7556
26.7617
26.7647
26.7739
26.7739
26.7739
26.8014
26.8075
26.8319
26.8349
26.8349
26.8502
26.8502
26.8593
26.8654
26.8685
26.8685
26.8807
26.8868
26.899
26.9112
26.9173
26.9204
26.9204
26.9295
26.9417
26.9448
26.9539
26.9723
26.9723
26.9784
26.9845
26.9906
27.0119
27.018
27.0272
27.0272
27.0302
27.0394
27.0608
27.0791
27.0974
27.0974
27.1065
27.1249
27.134
27.1371
27.1645
27.1676
27.1737
27.1767
27.192
27.2042
27.2042
27.2164
27.2286
27.2408
27.2652
27.2652
27.2805
27.2927
27.3141
27.3171
27.3202
27.3263
27.3385
27.3446
27.3476
27.3721
27.3843
27.3873
27.3934
27.3995
27.4026
27.4026
27.4239
27.427
27.4545
27.4545
27.4697
27.4728
27.5002
27.5155
27.5185
27.5246
27.5399
27.5521
27.5521
27.5704
27.5735
27.5735
27.5857
27.5887
27.5887
27.6009
27.6193
27.6223
27.6254
27.6406
27.6559
27.6589
27.6589
27.7108
27.7322
27.7474
27.7535
27.7841
27.7902
27.8176
27.8268
27.8268
27.8268
27.839
27.839
27.8451
27.8481
27.8512
27.8634
27.8726
27.8878
27.9061
27.9153
27.9214
27.9427
27.9489
27.9611
27.9702
27.9733
27.9733
27.9824
27.9855
27.9916
28.0343
28.0404
28.0557
28.0557
28.0587
28.0892
28.0923
28.0984
28.1045
28.1075
28.1075
28.1137
28.1167
28.1411
28.1594
28.1899
28.1991
28.2022
28.2022
28.2144
28.2174
28.2327
28.2418
28.2693
28.2754
28.2937
28.3151
28.3212
28.3486
28.3486
28.3608
28.3639
28.3822
28.3853
28.4158
28.4433
28.4585
28.4646
28.4799
28.4921
28.4921
28.4951
28.5043
28.5134
28.5287
28.5318
28.5379
28.5562
28.5592
28.5623
28.5684
28.5806
28.5867
28.5989
28.6019
28.605
28.6081
28.6081
28.6142
28.6203
28.6386
28.6447
28.6508
28.663
28.666
28.6691
28.6843
28.6966
28.6966
28.7027
28.7118
28.7332
28.7423
28.7515
28.7637
28.7759
28.7912
28.8064
28.8064
28.8125
28.8186
28.843
28.8461
28.8522
28.8614
28.8644
28.8705
28.8797
28.8827
28.8888
28.9071
28.9102
28.9163
28.9346
28.9499
28.9529
28.9987
29.0048
29.0048
29.0048
29.0201
29.0262
29.0353
29.0475
29.0475
29.0567
29.0628
29.075
29.0841
29.0963
29.1055
29.1299
29.136
29.1391
29.1452
29.1574
29.1757
29.1879
29.2184
29.2184
29.2215
29.2276
29.2337
29.2428
29.2459
29.255
29.255
29.2673
29.313
29.3313
29.3374
29.3497
29.3558
29.368
29.368
29.3924
29.3954
29.4107
29.4107
29.4382
29.4504
29.4687
29.487
29.49
29.4992
29.5022
29.5053
29.5328
29.5419
29.5541
29.5846
29.5968
29.5999
29.6579
29.664
29.667
29.6731
29.6854
29.7098
29.7128
29.7189
29.7311
29.7342
29.7586
29.7769
29.7769
29.783
29.7922
29.7952
29.7983
29.8318
29.8379
29.8502
29.8563
29.8593
29.8654
29.8654
29.8654
29.8685
29.8807
29.9112
29.9142
29.9264
29.9356
29.96
29.9722
29.9844
29.9875
29.9936
30.0027
30.0119
30.0211
30.0241
30.0333
30.0394
30.0455
30.0516
30.0638
30.0638
30.0668
30.0882
30.0943
30.0943
30.1096
30.1187
30.1309
30.1492
30.1614
30.1737
30.1981
30.2194
30.2255
30.2316
30.2347
30.2347
30.253
30.2561
30.2622
30.2744
30.2927
30.3049
30.3049
30.3079
30.3201
30.3201
30.3659
30.3781
30.3903
30.3964
30.4239
30.427
30.4331
30.4361
30.4392
30.4392
30.4453
30.4544
30.4544
30.4544
30.4605
30.4697
30.4697
30.4697
30.4849
30.4941
30.5002
30.5002
30.5033
30.5277
30.5307
30.5338
30.5399
30.546
30.5704
30.5765
30.5948
30.5979
30.6009
30.6131
30.6223
30.6467
30.6528
30.6558
30.6558
30.665
30.6986
30.7016
30.7047
30.7108
30.7199
30.7474
30.7474
30.7505
30.7505
30.7535
30.7657
30.7688
30.7779
30.781
30.784
30.7962
30.7993
30.7993
30.8023
30.8054
30.8145
30.8145
30.8298
30.839
30.8451
30.8725
30.8786
30.8786
30.8878
30.9091
30.9122
30.9183
30.9275
30.9397
30.9458
30.9458
30.9671
30.9824
30.9885
30.9915
30.9946
30.9976
31.0038
31.016
31.0221
31.0221
31.0251
31.0251
31.0404
31.0434
31.0495
31.0587
31.0617
31.0739
31.0831
31.0953
31.1045
31.1136
31.1197
31.1258
31.1319
31.1411
31.1472
31.1686
31.1747
31.1808
31.193
31.196
31.2021
31.2082
31.2204
31.2204
31.251
31.2693
31.2723
31.2754
31.2784
31.2784
31.2967
31.3089
31.315
31.315
31.3303
31.3303
31.3334
31.3547
31.3578
31.373
31.3852
31.3883
31.4158
31.4249
31.4341
31.4341
31.4402
31.4432
31.4493
31.4554
31.4676
31.4737
31.4798
31.489
31.489
31.4951
31.5012
31.5104
31.5165
31.5195
31.5195
31.5287
31.5439
31.5714
31.5744
31.5775
31.5836
31.5989
31.5989
31.5989
31.605
31.6141
31.6233
31.6446
31.6446
31.6477
31.6599
31.666
31.6721
31.6721
31.6813
31.6843
31.7209
31.7423
31.7484
31.7606
31.7789
31.7911
31.7942
31.8125
31.8155
31.8461
31.8522
31.8522
31.8613
31.8644
31.8644
31.8735
31.8766
31.9041
31.9163
31.9437
31.9468
31.959
31.962
31.9681
31.9803
31.9895
31.9926
31.9956
31.9987
32.0017
32.0078
32.0109
32.0231
32.0261
32.0261
32.0353
32.0597
32.075
32.0811
32.0872
32.1024
32.1329
32.139
32.1421
32.1482
32.1543
32.1543
32.1665
32.1787
32.1818
32.197
32.2031
32.2245
32.252
32.2703
32.2703
32.2764
32.2886
32.2886
32.3099
32.3191
32.3222
32.3252
32.3252
32.3252
32.3313
32.3344
32.3649
32.374
32.3923
32.4076
32.432
32.432
32.4351
32.4473
32.4503
32.4534
32.4686
32.487
32.5053
32.5083
32.5083
32.5114
32.5114
32.5144
32.5205
32.5205
32.5205
32.5419
32.5632
32.5632
32.5755
32.5846
32.606
32.6334
32.6456
32.6518
32.6731
32.6884
32.6945
32.6945
32.7158
32.7219
32.7525
32.7555
32.7647
32.7708
32.786
32.8227
32.8623
32.8654
32.8715
32.8715
32.8745
32.8867
32.899
32.9112
32.9112
32.9142
32.9356
32.9539
32.9569
32.963
32.963
32.963
32.9661
32.9753
32.9783
32.9814
32.9814
33.0088
33.0149
33.0424
33.0607
33.0607
33.0912
33.0973
33.1187
33.1278
33.1339
33.1492
33.1797
33.2133
33.2163
33.2194
33.2591
33.2621
33.2652
33.2713
33.3018
33.3079
33.3476
33.3506
33.3537
33.3659
33.3689
33.372
33.372
33.4025
33.4178
33.433
33.4513
33.4605
33.4819
33.488
33.4971
33.5002
33.5124
33.5185
33.5215
33.5337
33.5398
33.5765
33.5795
33.5948
33.5948
33.6009
33.6039
33.6192
33.6253
33.6283
33.6314
33.6314
33.6436
33.6528
33.6558
33.6589
33.6863
33.6955
33.723
33.7382
33.7809
33.784
33.7931
33.8237
33.8298
33.8328
33.8359
33.8389
33.845
33.845
33.8481
33.8633
33.8816
33.8816
33.9061
33.9183
33.961
33.961
33.9702
33.9732
33.9793
33.9824
33.9976
34.022
34.0281
34.0312
34.0403
34.0465
34.0556
34.0648
34.0648
34.0648
34.0678
34.0739
34.0831
34.1136
34.1136
34.1197
34.1502
34.1533
34.1624
34.1716
34.2143
34.2326
34.2692
34.2753
34.2753
34.2784
34.2875
34.2875
34.3028
34.312
34.315
34.3303
34.3425
34.3516
34.3638
34.3699
34.3791
34.3852
34.3883
34.4035
34.4035
34.4157
34.434
34.4371
34.4523
34.4554
34.4585
34.4768
34.4768
34.4798
34.4829
34.4829
34.4829
34.4829
34.489
34.492
34.4981
34.5012
34.5286
34.5378
34.5622
34.5866
34.5927
34.6171
34.6171
34.6232
34.6263
34.6355
34.6629
34.6721
34.6782
34.6934
34.6934
34.6965
34.6995
34.6995
34.7118
34.7148
34.724
34.727
34.7301
34.7301
34.7362
34.7392
34.7423
34.7423
34.7453
34.7484
34.7575
34.7758
34.7911
34.7972
34.8003
34.8064
34.8186
34.8369
34.8521
34.8704
34.8918
34.8949
34.901
34.901
34.904
34.9406
34.959
34.9712
34.9925
35.023
35.0261
35.0291
35.0352
35.0414
35.0444
35.0597
35.0719
35.081
35.0871
35.0932
35.1085
35.1207
35.1268
35.1299
35.136
35.139
35.1421
35.1482
35.1604
35.1695
35.1726
35.1787
35.1817
35.1909
35.197
35.2031
35.2184
35.2214
35.2214
35.2245
35.2611
35.2641
35.3008
35.3435
35.3465
35.3526
35.3557
35.3771
35.3893
35.3923
35.3984
35.4106
35.4106
35.435
35.4381
35.4442
35.4473
35.4503
35.4625
35.4778
35.4778
35.4961
35.5083
35.5174
35.5205
35.5205
35.5266
35.5388
35.5419
35.551
35.5968
35.6304
35.6365
35.6395
35.6426
35.6548
35.6609
35.67
35.6761
35.6792
35.6792
35.6883
35.6975
35.7006
35.7006
35.7036
35.7189
35.7341
35.7677
35.7738
35.783
35.8013
35.8165
35.8318
35.8348
35.8379
35.8654
35.8654
35.8837
35.8867
35.8898
35.9081
35.9081
35.9111
35.9142
35.9172
35.9203
35.9264
35.9325
35.9417
35.9447
35.9905
35.9905
35.9966
35.9966
36.0027
36.0057
36.0057
36.021
36.0332
36.0393
36.0424
36.0424
36.0454
36.0454
36.0454
36.0698
36.0698
36.082
36.0851
36.0912
36.1034
36.1248
36.1309
36.1675
36.195
36.195
36.195
36.2011
36.2163
36.2224
36.2285
36.2468
36.2499
36.2865
36.2957
36.2957
36.2987
36.3079
36.3079
36.3109
36.3201
36.3231
36.3231
36.3292
36.3353
36.3506
36.3567
36.3689
36.375
36.3964
36.4025
36.4177
36.4177
36.4269
36.436
36.4422
36.4483
36.494
36.5154
36.5184
36.5215
36.5307
36.5307
36.5673
36.5734
36.5795
36.5917
36.6039
36.607
36.6588
36.6649
36.668
36.6741
36.6955
36.7046
36.7534
36.7687
36.7718
36.7809
36.7901
36.7931
36.7931
36.7992
36.8114
36.8358
36.845
36.8511
36.8633
36.8694
36.8908
36.9091
36.9243
36.9304
36.9335
36.9396
36.9396
36.9427
36.9793
37.0159
37.022
37.0251
37.0251
37.0434
37.0434
37.0464
37.0678
37.0769
37.0922
37.0922
37.0922
37.1319
37.138
37.138
37.138
37.1441
37.1471
37.1502
37.1777
37.1777
37.1868
37.1899
37.2051
37.2051
37.2082
37.2143
37.26
37.26
37.2753
37.2875
37.2997
37.3089
37.3485
37.3547
37.3638
37.3638
37.3669
37.373
37.3791
37.3821
37.3852
37.3852
37.3943
37.4004
37.4096
37.4126
37.4187
37.4248
37.4279
37.431
37.4462
37.4493
37.4584
37.4889
37.495
37.4981
37.5011
37.5072
37.5561
37.5591
37.5591
37.5958
37.6049
37.6049
37.6049
37.611
37.6293
37.6415
37.6659
37.669
37.7239
37.7361
37.7606
37.7667
37.8002
37.8063
37.8094
37.8307
37.8338
37.8552
37.8674
37.8826
37.8826
37.8948
37.9192
37.9284
37.9406
37.9589
37.9803
37.9833
37.9955
38.02
38.0535
38.0535
38.1054
38.1054
38.1146
38.1298
38.1329
38.1512
38.1512
38.1542
38.1603
38.1664
38.197
38.2
38.2092
38.2183
38.2214
38.2214
38.2244
38.2305
38.2397
38.2611
38.2733
38.2794
38.2824
38.2824
38.319
38.3221
38.3343
38.3557
38.3648
38.3679
38.377
38.3801
38.3892
38.3953
38.4289
38.432
38.435
38.4381
38.4411
38.4625
38.4747
38.4991
38.5052
38.5174
38.5205
38.5693
38.5723
38.5815
38.5937
38.5937
38.6059
38.6181
38.6395
38.6486
38.6486
38.6578
38.6578
38.6578
38.6578
38.667
38.6822
38.6975
38.731
38.7402
38.7432
38.7463
38.7494
38.7768
38.7799
38.7921
38.8379
38.844
38.8592
38.8592
38.8684
38.8775
38.9019
38.9233
38.9416
38.9447
38.9721
38.9752
38.9782
38.9874
38.9966
39.0057
39.0179
39.021
39.024
39.024
39.0545
39.0576
39.0728
39.0881
39.0881
39.1095
39.143
39.1522
39.1644
39.1736
39.1827
39.1949
39.201
39.2163
39.2163
39.2346
39.2376
39.2499
39.2529
39.2712
39.2773
39.2773
39.2834
39.3048
39.3109
39.3139
39.3262
39.3445
39.3475
39.3506
39.3506
39.378
39.378
39.3872
39.3902
39.4086
39.4208
39.4208
39.4574
39.4604
39.4726
39.4757
39.4818
39.4848
39.4879
39.491
39.494
39.5001
39.5001
39.5062
39.5154
39.5154
39.5245
39.5398
39.555
39.5825
39.61
39.6161
39.6313
39.6344
39.6649
39.6893
39.7015
39.7046
39.7198
39.7229
39.7259
39.732
39.7351
39.7351
39.7351
39.7748
39.787
39.79
39.8022
39.8083
39.8114
39.8114
39.8206
39.8236
39.8358
39.8389
39.8724
39.8755
39.8785
39.8785
39.8785
39.8907
39.8969
39.903
39.9243
39.9365
39.9365
39.9731
39.9762
39.9884
39.9976
40.0159
40.0281
40.0342
40.0433
40.0464
40.0616
40.083
40.0922
40.1074
40.1105
40.1257
40.1349
40.1532
40.1563
40.1654
40.1715
40.1837
40.1868
40.1898
40.1898
40.1959
40.2051
40.2173
40.2387
40.2478
40.2722
40.2753
40.2936
40.2997
40.315
40.3211
40.3241
40.3272
40.3302
40.3394
40.3424
40.3485
40.3516
40.3546
40.3577
40.3668
40.3699
40.3912
40.4035
40.4126
40.4218
40.4309
40.4309
40.437
40.4492
40.4584
40.4584
40.4645
40.4736
40.4767
40.492
40.5011
40.5164
40.5377
40.5408
40.5469
40.5499
40.5652
40.5774
40.5927
40.6049
40.6201
40.6293
40.6384
40.669
40.6873
40.7086
40.73
40.7453
40.7544
40.7636
40.7636
40.7666
40.7666
40.7758
40.7758
40.7819
40.788
40.791
40.8002
40.8002
40.8216
40.8277
40.8307
40.8399
40.846
40.8856
40.8918
40.9101
40.9223
40.9528
40.9558
40.9742
40.9894
40.9955
41.0077
41.0108
41.0169
41.0291
41.0321
41.0474
41.0749
41.0993
41.0993
41.1115
41.1145
41.1176
41.1237
41.139
41.142
41.1786
41.1786
41.1847
41.1908
41.2
41.2061
41.2122
41.2519
41.2519
41.2641
41.2702
41.2763
41.2763
41.2763
41.2915
41.3007
41.3099
41.3129
41.316
41.3404
41.3404
41.3465
41.3739
41.3892
41.3953
41.4075
41.4289
41.4563
41.4747
41.4808
41.4899
41.4899
41.4991
41.4991
41.5143
41.5265
41.5265
41.5296
41.5357
41.554
41.5693
41.5815
41.5937
41.5998
41.615
41.6425
41.6425
41.6456
41.6669
41.67
41.6883
41.6883
41.6974
41.6974
41.6974
41.7066
41.7402
41.7646
41.7646
41.789
41.789
41.7951
41.8165
41.8287
41.8317
41.8409
41.8531
41.8714
41.8775
41.8867
41.8958
41.905
41.9141
41.9172
41.9202
41.9294
41.9324
41.9385
41.9538
41.9538
41.9568
41.963
41.963
41.9691
41.9691
41.9721
41.9752
41.9752
41.9813
41.9874
41.9935
42.0087
42.0087
42.0087
42.0179
42.0515
42.0637
42.0759
42.0972
42.1003
42.1125
42.1186
42.1216
42.1339
42.14
42.1552
42.1949
42.1949
42.2193
42.2346
42.2559
42.2681
42.2742
42.2803
42.2864
42.2864
42.3109
42.3414
42.3444
42.3475
42.3505
42.3536
42.3658
42.3994
42.4055
42.4329
42.4451
42.4451
42.4451
42.4574
42.4879
42.4879
42.494
42.5245
42.5306
42.5428
42.552
42.5611
42.5642
42.6008
42.6038
42.6038
42.6069
42.6222
42.6313
42.6466
42.6588
42.6618
42.6771
42.6832
42.6984
42.7015
42.729
42.7473
42.7503
42.7503
42.7808
42.7808
42.79
42.79
42.8297
42.8327
42.8541
42.8632
42.8663
42.8755
42.8938
42.8968
42.9029
42.9182
42.9182
42.9243
42.9304
42.964
42.9762
42.9792
42.9853
42.9945
43.0006
43.0097
43.0219
43.025
43.028
43.0372
43.0464
43.0555
43.0647
43.0982
43.0982
43.1013
43.1043
43.1166
43.1349
43.1471
43.1501
43.1715
43.1806
43.1898
43.2051
43.2081
43.2142
43.2142
43.2234
43.2264
43.2417
43.2447
43.2691
43.2875
43.2905
43.2966
43.3088
43.3088
43.3149
43.321
43.321
43.3241
43.3241
43.3302
43.3302
43.376
43.379
43.3912
43.3943
43.4187
43.4187
43.4492
43.4553
43.4736
43.5163
43.5255
43.5316
43.5591
43.5621
43.5652
43.5682
43.5926
43.5987
43.6079
43.611
43.6171
43.6232
43.6293
43.6384
43.6537
43.6567
43.6659
43.672
43.6781
43.6872
43.6964
43.6995
43.7056
43.7086
43.7086
43.7574
43.7635
43.7696
43.7849
43.7849
43.788
43.791
43.791
43.8002
43.8002
43.8124
43.8368
43.8398
43.8429
43.8429
43.8551
43.8612
43.8643
43.8826
43.8917
43.9192
43.9283
43.9344
43.9497
43.9619
43.965
43.9711
43.9741
43.9741
43.9741
43.9772
43.9863
44.0077
44.0382
44.0382
44.0382
44.0413
44.0504
44.0565
44.0779
44.0809
44.087
44.1115
44.1237
44.1359
44.1359
44.145
44.1572
44.1603
44.2
44.2152
44.2274
44.2366
44.2396
44.2427
44.2518
44.2518
44.2579
44.264
44.2671
44.2793
44.2946
44.3007
44.3403
44.3526
44.3556
44.3587
44.3617
44.3678
44.377
44.3831
44.3892
44.3983
44.4014
44.4014
44.4014
44.4136
44.4349
44.438
44.4929
44.5112
44.5265
44.5296
44.5418
44.5479
44.557
44.5631
44.5662
44.5723
44.5784
44.5784
44.5906
44.5967
44.5998
44.5998
44.6028
44.615
44.6181
44.6272
44.6394
44.6455
44.6547
44.6577
44.6608
44.6699
44.6699
44.6822
44.6852
44.6944
44.6944
44.6944
44.7035
44.7218
44.7249
44.731
44.7371
44.7401
44.7462
44.7493
44.7859
44.789
44.7981
44.8042
44.8073
44.8073
44.8134
44.8286
44.8378
44.8531
44.8622
44.8622
44.8714
44.8775
44.8897
44.9049
44.9293
44.9385
44.9416
44.9507
44.9507
44.966
44.9843
45.0026
45.0301
45.0453
45.0789
45.085
45.0942
45.1033
45.1094
45.1125
45.1125
45.1155
45.1186
45.1186
45.1247
45.1369
45.1369
45.1521
45.1552
45.1857
45.1857
45.1979
45.2162
45.2254
45.2315
45.2345
45.2437
45.2528
45.2589
45.2651
45.2651
45.2803
45.2834
45.3322
45.3444
45.3597
45.3627
45.3719
45.3749
45.378
45.3841
45.4054
45.4146
45.4176
45.436
45.4482
45.4665
45.4817
45.5
45.5031
45.5397
45.5397
45.5489
45.5489
45.5611
45.5702
45.5733
45.5733
45.5824
45.5977
45.6069
45.613
45.6496
45.6496
45.6557
45.6618
45.7137
45.7137
45.7411
45.7411
45.7411
45.7442
45.7869
45.793
45.8083
45.8113
45.8327
45.8357
45.8388
45.8541
45.8541
45.8571
45.8602
45.8632
45.8632
45.8632
45.8724
45.8815
45.8815
45.8815
45.8876
45.8937
45.9304
45.9395
45.9456
45.9487
45.9517
45.9548
45.9578
45.967
45.967
45.97
45.9731
45.9761
45.9944
46.0036
46.0036
46.0036
46.0067
46.0067
46.0097
46.0158
46.0189
46.0372
46.0463
46.0524
46.0555
46.0646
46.083
46.086
46.086
46.0952
46.1196
46.1226
46.1318
46.1501
46.1898
46.2233
46.2233
46.2355
46.2477
46.2508
46.263
46.2752
46.2844
46.3057
46.3179
46.3332
46.3363
46.3393
46.3424
46.3515
46.3546
46.3576
46.3607
46.3729
46.4003
46.4095
46.4125
46.4187
46.4248
46.4339
46.4461
46.4522
46.4614
46.4644
46.4705
46.4766
46.4827
46.5102
46.5133
46.5133
46.5163
46.5255
46.5285
46.5407
46.5896
46.5896
46.5896
46.5926
46.5987
46.6048
46.6079
46.6109
46.614
46.614
46.6262
46.6292
46.6292
46.6292
46.6445
46.6506
46.6597
46.6597
46.6628
46.6659
46.672
46.6872
46.6933
46.6964
46.6994
46.7055
46.7086
46.7177
46.7177
46.7238
46.7391
46.7452
46.7483
46.7635
46.7971
46.8184
46.8337
46.8459
46.8551
46.8703
46.8734
46.8795
46.8825
46.8886
46.8917
46.9222
46.9222
46.9222
46.9253
46.9314
46.9344
46.9344
46.9375
46.9436
46.9497
46.9497
46.9527
46.971
46.9985
47.0168
47.0168
47.0229
47.026
47.0473
47.0565
47.0565
47.0687
47.1114
47.1114
47.1297
47.1389
47.1389
47.1511
47.1755
47.1908
47.1908
47.1969
47.2335
47.2549
47.2579
47.2701
47.2823
47.2884
47.2976
47.2976
47.3006
47.3037
47.3128
47.3678
47.3678
47.3708
47.3739
47.3739
47.3769
47.383
47.3861
47.3891
47.3952
47.3952
47.4013
47.4044
47.4075
47.4136
47.4136
47.4136
47.4227
47.441
47.4471
47.4532
47.4715
47.4807
47.4807
47.4929
47.499
47.5021
47.5112
47.5387
47.5661
47.5845
47.5875
47.6211
47.6455
47.6547
47.6577
47.6638
47.6638
47.6699
47.6852
47.6852
47.6974
47.7096
47.7096
47.7218
47.7371
47.7432
47.7584
47.7615
47.7706
47.7737
47.7798
47.7798
47.7889
47.795
47.7981
47.8042
47.8103
47.8225
47.8347
47.8347
47.8347
47.8439
47.8591
47.8591
47.8622
47.8683
47.8835
47.8988
47.908
47.9507
47.9507
47.9537
47.9537
47.9537
47.9629
47.9629
47.9781
47.9904
47.9934
48.0056
48.0056
48.0117
48.0209
48.027
48.0544
48.0605
48.0758
48.088
48.0972
48.1185
48.1307
48.1368
48.1368
48.1521
48.1613
48.1704
48.1796
48.1918
48.2009
48.2101
48.2131
48.2162
48.2315
48.262
48.265
48.2711
48.2955
48.2986
48.3078
48.3261
48.3505
48.3505
48.3627
48.3749
48.384
48.3932
48.4024
48.4085
48.4085
48.4207
48.4481
48.4573
48.4573
48.4695
48.4725
48.4756
48.4878
48.5305
48.5336
48.5549
48.5549
48.5641
48.5885
48.5885
48.5916
48.6129
48.6251
48.6251
48.6251
48.6343
48.6557
48.6648
48.6648
48.6709
48.6709
48.677
48.677
48.6923
48.6984
48.7106
48.735
48.7472
48.7503
48.7686
48.7808
48.7838
48.8022
48.8052
48.8113
48.8235
48.8266
48.8266
48.8418
48.8601
48.8632
48.8784
48.8815
48.8845
48.8876
48.8937
48.8998
48.8998
48.8998
48.909
48.912
48.9334
48.9334
48.9395
48.9547
48.9608
48.9822
48.9944
48.9944
49.0005
49.0066
49.0066
49.0066
49.0127
49.0188
49.0219
49.0249
49.031
49.0463
49.0616
49.0951
49.1165
49.1195
49.1317
49.1348
49.1409
49.144
49.1531
49.1653
49.1684
49.1806
49.1928
49.2172
49.2355
49.2691
49.2752
49.2782
49.2813
49.2813
49.2904
49.3179
49.3362
49.3576
49.3606
49.3973
49.4217
49.4675
49.498
49.5041
49.5071
49.5193
49.5285
49.5315
49.556
49.556
49.559
49.5651
49.5712
49.5773
49.5804
49.6048
49.6078
49.6109
49.6261
49.6323
49.7024
49.7055
49.7147
49.7238
49.7269
49.7452
49.7513
49.7818
49.794
49.7971
49.8154
49.8245
49.8428
49.8489
49.852
49.8581
49.8611
49.8703
49.8764
49.9039
49.9039
49.913
49.9344
49.9344
49.9405
49.9466
49.9619
49.9863
50.0076
50.0229
50.0351
50.0443
50.0565
50.0717
50.0839
50.087
50.0961
50.1297
50.1419
50.1541
50.1633
50.1633
50.1785
50.1816
50.1877
50.2091
50.2274
50.2365
50.2426
50.2457
50.2487
50.2579
50.2731
50.2792
50.2945
50.3403
50.3403
50.3677
50.3708
50.3739
50.3861
50.3983
50.4013
50.4227
50.4257
50.4288
50.4379
50.4379
50.441
50.4532
50.4562
50.4715
50.4807
50.4868
50.4959
50.502
50.5264
50.5356
50.5539
50.56
50.5631
50.5753
50.5936
50.5966
50.6088
50.6088
50.6119
50.6211
50.6302
50.6455
50.6455
50.6485
50.6577
50.6607
50.6638
50.6668
50.6882
50.7004
50.7126
50.7126
50.7431
50.7431
50.7584
50.7645
50.7706
50.7828
50.7859
50.7889
50.7889
50.795
50.8042
50.8225
50.8255
50.8286
50.8316
50.853
50.8652
50.8774
50.8927
50.9079
50.911
50.9201
50.9293
50.9415
50.9507
50.9537
50.9537
50.9842
51.0117
51.0147
51.0208
51.03
51.0422
51.0514
51.0544
51.0666
51.0666
51.0849
51.1185
51.1216
51.1216
51.1277
51.1277
51.1277
51.1338
51.1521
51.1734
51.1826
51.204
51.204
51.2345
51.2406
51.2528
51.265
51.268
51.268
51.2772
51.2833
51.2894
51.323
51.326
51.3291
51.3504
51.3504
51.3627
51.3657
51.3718
51.3749
51.3779
51.384
51.3871
51.3901
51.3932
51.3962
51.4237
51.4389
51.4481
51.4481
51.4512
51.4725
51.4908
51.5213
51.5275
51.5427
51.5702
51.5732
51.5793
51.5793
51.5824
51.5946
51.5976
51.5976
51.6129
51.616
51.6221
51.6343
51.6343
51.6404
51.6434
51.6495
51.6556
51.6556
51.6617
51.6709
51.677
51.677
51.6861
51.6861
51.6861
51.6923
51.7258
51.735
51.7441
51.7502
51.7533
51.7563
51.7594
51.7655
51.7655
51.7747
51.7777
51.7808
51.7808
51.793
51.8174
51.8174
51.8235
51.8296
51.8326
51.8326
51.8357
51.8601
51.8754
51.8845
51.8845
51.8906
51.8998
51.915
51.9181
51.9425
51.9486
51.9547
51.97
51.973
51.9852
51.9974
51.9974
52.0066
52.0096
52.028
52.0493
52.0493
52.0524
52.0615
52.0707
52.0798
52.0798
52.0829
52.089
52.092
52.0981
52.1043
52.1226
52.1256
52.147
52.1531
52.1836
52.1836
52.1866
52.1897
52.1897
52.1958
52.2233
52.2294
52.2324
52.2416
52.2568
52.2721
52.327
52.3392
52.3484
52.3698
52.385
52.3942
52.3972
52.4003
52.4155
52.4216
52.4277
52.4277
52.4308
52.4338
52.4338
52.4552
52.4552
52.4644
52.4735
52.4766
52.4857
52.4918
52.4949
52.4979
52.5254
52.5498
52.5559
52.5925
52.5956
52.62
52.6292
52.6292
52.6414
52.6414
52.6597
52.6963
52.6994
52.7024
52.7116
52.7177
52.7207
52.7268
52.7329
52.739
52.7451
52.7604
52.7635
52.7635
52.7696
52.7726
52.7757
52.7818
52.7848
52.7848
52.8062
52.8092
52.8092
52.8092
52.8153
52.8306
52.8459
52.852
52.855
52.8703
52.8764
52.8764
52.8764
52.8886
52.8977
52.9252
52.9344
52.9344
52.9466
52.9679
52.971
52.9923
52.9954
53.0076
53.0106
53.0473
53.0564
53.0656
53.0686
53.0778
53.0931
53.0961
53.0992
53.1205
53.1205
53.1327
53.148
53.1938
53.2182
53.2273
53.2365
53.2365
53.2395
53.2395
53.2518
53.264
53.2731
53.2762
53.2853
53.3128
53.3219
53.3464
53.3555
53.3616
53.3708
53.3708
53.3799
53.3799
53.383
53.3952
53.4349
53.441
53.4471
53.4532
53.4623
53.4654
53.4684
53.4745
53.4837
53.4867
53.4898
53.502
53.5051
53.5081
53.5142
53.5203
53.5295
53.5295
53.5325
53.5325
53.5478
53.5691
53.5844
53.5905
53.5966
53.6241
53.6271
53.6363
53.6454
53.6485
53.6821
53.6851
53.7004
53.7126
53.7217
53.7248
53.7278
53.7339
53.7339
53.74
53.7492
53.7553
53.7584
53.7828
53.7828
53.7889
53.8072
53.8102
53.8194
53.8285
53.8347
53.8377
53.8438
53.8438
53.8652
53.8682
53.8835
53.8987
53.9018
53.917
53.9232
53.9537
53.972
53.9781
53.9781
53.9964
54.0056
54.0086
54.0117
54.0147
54.0147
54.0208
54.0391
54.0757
54.0788
54.0849
54.0971
54.0971
54.1032
54.1093
54.1185
54.1307
54.1368
54.149
54.1612
54.1642
54.1765
54.1826
54.1856
54.1887
54.2131
54.2344
54.2467
54.2528
54.2528
54.2558
54.2619
54.2711
54.2741
54.2741
54.2802
54.2833
54.2894
54.3077
54.3138
54.329
54.3474
54.3504
54.3565
54.3687
54.3718
54.3779
54.3962
54.3992
54.4053
54.4237
54.4267
54.442
54.445
54.4542
54.4603
54.4633
54.4816
54.4847
54.4908
54.4939
54.4969
54.5183
54.5183
54.5396
54.5488
54.5518
54.5671
54.5701
54.5732
54.5854
54.5915
54.6007
54.6037
54.6556
54.6648
54.6648
54.6983
54.7166
54.7166
54.7166
54.7288
54.7349
54.7411
54.7563
54.7594
54.7624
54.7685
54.7746
54.7838
54.7899
54.7899
54.8235
54.8418
54.8479
54.8631
54.8814
54.9058
54.9089
54.9181
54.9455
54.9577
54.9608
54.976
54.9852
54.9852
54.9974
55.0035
55.0096
55.0188
55.0249
55.0371
55.0584
55.0676
55.0737
55.1012
55.1134
55.1225
55.1225
55.1347
55.1408
55.1439
55.15
55.153
55.153
55.1561
55.1714
55.1927
55.2049
55.208
55.2171
55.2232
55.2232
55.2324
55.2355
55.2538
55.2629
55.2843
55.2904
55.2934
55.2965
55.3117
55.327
55.327
55.3331
55.3362
55.3636
55.3636
55.3667
55.3697
55.3758
55.388
55.4155
55.443
55.4796
55.4857
55.4918
55.501
55.501
55.504
55.5101
55.5101
55.5284
55.5406
55.5437
55.562
55.5803
55.5895
55.6108
55.623
55.6261
55.6322
55.6536
55.6566
55.6902
55.7054
55.7054
55.7115
55.7176
55.7298
55.7573
55.7604
55.7665
55.7756
55.7878
55.8031
55.8123
55.8184
55.8245
55.855
55.8672
55.8733
55.8763
55.8824
55.8916
55.8977
55.9343
55.9404
55.9496
55.9557
55.974
55.9771
55.9862
56.0167
56.0198
56.0442
56.0503
56.0533
56.0564
56.0686
56.0869
56.09
56.0991
56.1052
56.1144
56.1479
56.151
56.1541
56.1785
56.1876
56.1998
56.2273
56.2334
56.2456
56.2517
56.2548
56.2578
56.2578
56.2578
56.2639
56.2822
56.2822
56.3158
56.3311
56.3372
56.3372
56.3402
56.3585
56.3646
56.3707
56.3768
56.3921
56.3952
56.3982
56.4013
56.4135
56.4318
56.4409
56.4501
56.4684
56.4715
56.4776
56.4959
56.4959
56.5111
56.5142
56.5203
56.5294
56.5325
56.5386
56.5569
56.56
56.5691
56.5783
56.5783
56.5935
56.5935
56.624
56.6301
56.6332
56.6454
56.6546
56.6698
56.682
56.682
56.6973
56.7034
56.7064
56.7186
56.74
56.7553
56.7583
56.7644
56.7705
56.7766
56.7766
56.8438
56.8651
56.8712
56.8773
56.9018
56.9201
56.9475
56.9506
56.9567
56.9811
57.0208
57.033
57.036
57.0452
57.0727
57.0757
57.0788
57.0971
57.0971
57.1001
57.1123
57.1368
57.1368
57.1612
57.1642
57.1856
57.2069
57.2161
57.2253
57.2253
57.2375
57.2405
57.2527
57.271
57.2741
57.2832
57.2832
57.2863
57.326
57.3351
57.3412
57.3412
57.3443
57.3473
57.3504
57.3748
57.3778
57.3778
57.3809
57.387
57.3992
57.4053
57.4053
57.4084
57.4206
57.4206
57.4236
57.4328
57.4511
57.4602
57.4633
57.4786
57.4877
57.4908
57.4969
57.506
57.5091
57.5152
57.5213
57.5274
57.5335
57.5335
57.5335
57.5365
57.5396
57.5427
57.5488
57.5549
57.561
57.5854
57.6006
57.6006
57.6128
57.6189
57.6373
57.6556
57.6556
57.6647
57.6647
57.6678
57.6739
57.68
57.6891
57.6983
57.7166
57.7288
57.7441
57.7471
57.7593
57.7685
57.7685
57.7715
57.7898
57.8021
57.8082
57.8265
57.8326
57.8356
57.8692
57.9058
57.9241
57.9272
57.9424
57.9485
57.9577
57.9791
57.9821
57.9852
57.9852
57.9852
57.9913
57.9913
57.9974
57.9974
58.034
58.0645
58.0676
58.0737
58.1011
58.1072
58.1103
58.1256
58.1561
58.1683
58.1683
58.1866
58.2171
58.2202
58.2354
58.2446
58.2537
58.2568
58.2598
58.269
58.2842
58.3026
58.3178
58.3178
58.327
58.3422
58.3483
58.3544
58.3636
58.3789
58.4124
58.4246
58.4246
58.446
58.446
58.449
58.4796
58.4887
58.4948
58.5101
58.5162
58.5192
58.5284
58.5406
58.5467
58.5925
58.623
58.623
58.6352
58.6444
58.6505
58.6535
58.6749
58.6779
58.6871
58.6901
58.6993
58.7054
58.7237
58.7359
58.739
58.7695
58.7756
58.7817
58.797
58.8031
58.8061
58.8244
58.8488
58.8519
58.8519
58.858
58.8702
58.8794
58.8855
58.9282
58.9404
58.9465
58.9618
58.9709
58.9923
58.9923
59.0045
59.0228
59.0442
59.0686
59.0686
59.0747
59.0808
59.0991
59.1205
59.1266
59.1418
59.1662
59.1815
59.1906
59.1998
59.2029
59.2212
59.2212
59.2303
59.2822
59.2975
59.2975
59.3219
59.3463
59.3554
59.3707
59.3799
59.3829
59.386
59.3982
59.4165
59.4226
59.4348
59.444
59.447
59.4531
59.4745
59.4775
59.5019
59.5508
59.6026
59.6026
59.6057
59.6088
59.6149
59.6179
59.6179
59.6301
59.6484
59.6484
59.6667
59.6789
59.682
59.7003
59.7034
59.7095
59.7125
59.7217
59.7278
59.74
59.74
59.7522
59.7858
59.8041
59.8163
59.8224
59.8407
59.8621
59.8712
59.8773
59.8773
59.8834
59.8895
59.9231
59.9353
59.9384
59.9475
59.975
59.978
59.9811
59.9841
60.0055
60.0055
60.0238
60.0269
60.0391
60.0391
60.0421
60.0452
60.0482
60.0482
60.0818
60.0909
60.1428
60.1428
60.1489
60.152
60.1764
60.1886
60.2161
60.2191
60.2222
60.2252
60.2405
60.2527
60.2802
60.3076
60.3229
60.3778
60.387
60.3931
60.3931
60.3961
60.3961
60.3992
60.4205
60.4266
60.4633
60.4633
60.4663
60.4663
60.4816
60.4877
60.4999
60.5152
60.5213
60.5243
60.5396
60.567
60.5731
60.5762
60.5792
60.5823
60.5945
60.5945
60.5975
60.6037
60.6067
60.6159
60.6159
60.625
60.6281
60.6281
60.6372
60.6739
60.6769
60.68
60.6922
60.7105
60.7227
60.7227
60.7349
60.7379
60.7379
60.7593
60.7715
60.7715
60.799
60.8295
60.8325
60.86
60.8661
60.8844
60.8905
60.8966
60.9058
60.9241
60.9241
60.9455
60.9851
60.9973
61.0065
61.0187
61.0218
61.0248
61.034
61.037
61.0431
61.0584
61.0706
61.0767
61.0889
61.1377
61.1377
61.1408
61.1469
61.1499
61.1744
61.1774
61.1957
61.211
61.2232
61.2384
61.2415
61.2507
61.2507
61.2568
61.2568
61.2598
61.272
61.2751
61.2873
61.2964
61.3025
61.3056
61.3208
61.3239
61.3392
61.3422
61.3453
61.3575
61.3636
61.3788
61.3819
61.391
61.4032
61.4124
61.4246
61.446
61.449
61.4704
61.4856
61.4917
61.4948
61.5131
61.5406
61.5497
61.5558
61.5863
61.6016
61.6138
61.623
61.6291
61.6749
61.6871
61.6871
61.7023
61.7267
61.742
61.742
61.7908
61.8061
61.8091
61.8183
61.8213
61.8244
61.8336
61.8397
61.8549
61.8549
61.8549
61.8793
61.8824
61.8854
61.9007
61.9037
61.9037
61.9037
61.9495
61.9648
61.9648
61.9678
61.9739
61.98
61.98
61.9861
62.0045
62.0045
62.0136
62.0167
62.0228
62.0228
62.0258
62.0319
62.035
62.0563
62.0594
62.0624
62.0624
62.0746
62.0808
62.0838
62.0869
62.1082
62.1113
62.1387
62.1418
62.1448
62.1723
62.1906
62.1998
62.1998
62.212
62.2578
62.2791
62.2944
62.3035
62.3371
62.3493
62.3493
62.3554
62.3737
62.3768
62.3798
62.392
62.3981
62.3981
62.4287
62.4317
62.4531
62.4561
62.4836
62.4928
62.5019
62.5202
62.5477
62.5538
62.5538
62.5568
62.5599
62.5721
62.5813
62.5965
62.5996
62.6026
62.6087
62.6148
62.6698
62.6728
62.6789
62.7155
62.7338
62.74
62.7461
62.7491
62.7552
62.7827
62.7979
62.8071
62.8315
62.8437
62.859
62.859
62.8651
62.8864
62.8895
62.917
62.9353
62.9414
62.9475
62.9536
62.9627
62.9688
62.9688
62.9719
62.9963
63.036
63.0512
63.0543
63.0573
63.0665
63.0848
63.094
63.1001
63.1092
63.1092
63.1153
63.1428
63.1703
63.1764
63.1794
63.1794
63.1916
63.1977
63.2252
63.2313
63.2466
63.2496
63.2527
63.2588
63.271
63.2771
63.2801
63.2954
63.3076
63.3106
63.3229
63.3351
63.3442
63.3473
63.3564
63.3656
63.3686
63.3808
63.4022
63.4114
63.4205
63.4297
63.448
63.451
63.4571
63.4571
63.4571
63.4632
63.4632
63.4816
63.4907
63.4968
63.4999
63.509
63.5151
63.5273
63.5273
63.5334
63.5517
63.5975
63.6006
63.6067
63.6097
63.6158
63.6189
63.6219
63.6372
63.6372
63.6433
63.6433
63.6494
63.6555
63.6799
63.6799
63.6921
63.6921
63.6952
63.7013
63.7043
63.7074
63.7135
63.7165
63.7226
63.7318
63.744
63.7562
63.7593
63.7623
63.7745
63.7776
63.7837
63.7989
63.8081
63.8173
63.8234
63.8386
63.8417
63.8569
63.86
63.8783
63.8936
63.8997
63.9241
63.9302
63.9454
63.9515
63.9607
63.9668
63.9943
64.0034
64.0309
64.037
64.0645
64.0675
64.0767
64.0889
64.0889
64.1011
64.1133
64.1194
64.1285
64.1316
64.1346
64.1377
64.1499
64.1499
64.156
64.1804
64.1926
64.1957
64.2018
64.2048
64.2201
64.2232
64.2232
64.2293
64.2476
64.2567
64.2598
64.2811
64.2811
64.2933
64.2964
64.2994
64.3117
64.3361
64.3422
64.3452
64.3483
64.3635
64.3635
64.3727
64.3971
64.4154
64.4185
64.449
64.4581
64.4612
64.4704
64.4765
64.4765
64.4826
64.4856
64.4948
64.5009
64.507
64.5222
64.5253
64.5436
64.568
64.5711
64.5711
64.5772
64.5924
64.6046
64.6352
64.6413
64.6413
64.6413
64.6443
64.6474
64.6474
64.6565
64.6657
64.6687
64.6809
64.684
64.7084
64.7145
64.7389
64.7511
64.7755
64.7786
64.7877
64.803
64.8091
64.8183
64.8274
64.8274
64.8335
64.8549
64.8701
64.8732
64.8762
64.8976
64.919
64.9312
64.9434
64.9525
64.9556
64.9586
64.9709
64.9861
64.9922
65.0197
65.0502
65.0502
65.0563
65.0594
65.0594
65.0655
65.0685
65.0716
65.0807
65.0838
65.0899
65.0929
65.1051
65.1082
65.1295
65.1326
65.1479
65.1509
65.1723
65.1784
65.1967
65.1997
65.2303
65.2516
65.2638
65.2669
65.2699
65.276
65.2821
65.2821
65.2943
65.3005
65.3096
65.3218
65.3645
65.3645
65.3829
65.3859
65.389
65.3981
65.4347
65.4469
65.4714
65.4836
65.4897
65.4897
65.4927
65.5049
65.5141
65.5202
65.5263
65.5324
65.5538
65.5568
65.569
65.5812
65.5965
65.6209
65.627
65.6392
65.6575
65.6606
65.6728
65.685
65.6972
65.6972
65.7124
65.7155
65.7338
65.7338
65.7369
65.7369
65.7491
65.7643
65.804
65.8071
65.8132
65.8284
65.8284
65.8315
65.8315
65.8315
65.8376
65.8589
65.865
65.865
65.8742
65.9047
65.9169
65.92
65.92
65.923
65.9322
65.9383
65.9566
65.9566
65.9749
65.9932
66.0085
66.0146
66.0237
66.0298
66.0298
66.039
66.039
66.0421
66.0512
66.0512
66.0634
66.0665
66.0848
66.0878
66.0939
66.097
66.1
66.1245
66.1275
66.1275
66.155
66.158
66.1733
66.1733
66.2221
66.2404
66.2435
66.2465
66.2526
66.2618
66.277
66.2984
66.3137
66.3259
66.332
66.3411
66.3472
66.3503
66.3503
66.3533
66.3595
66.3747
66.3839
66.3869
66.3869
66.3869
66.4022
66.4052
66.4205
66.4235
66.4296
66.4449
66.4571
66.4602
66.4693
66.4754
66.509
66.512
66.5365
66.5395
66.5395
66.5456
66.5487
66.5639
66.5792
66.5914
66.6189
66.6219
66.6311
66.6341
66.6402
66.6799
66.689
66.689
66.689
66.7013
66.7226
66.747
66.747
66.7531
66.7592
66.7684
66.7745
66.7806
66.7837
66.7989
66.805
66.8081
66.8081
66.8172
66.8233
66.8325
66.8538
66.8538
66.8569
66.8691
66.8783
66.8844
66.8935
66.9362
66.9393
66.9393
66.9942
67.0003
67.0125
67.0247
67.0247
67.0278
67.04
67.0492
67.0583
67.0644
67.0766
67.0766
67.0827
67.0888
67.098
67.1346
67.1407
67.1712
67.1712
67.1773
67.1804
67.1896
67.2018
67.2231
67.2384
67.2445
67.2536
67.2628
67.2689
67.275
67.275
67.2811
67.3025
67.3086
67.3299
67.3483
67.3513
67.3544
67.3544
67.3635
67.3727
67.4001
67.4032
67.4123
67.4184
67.4306
67.4398
67.4429
67.4673
67.4795
67.4856
67.4856
67.4886
67.4947
67.5191
67.5497
67.5497
67.5649
67.568
67.5771
67.5832
67.5893
67.5924
67.5954
67.5985
67.5985
67.6199
67.6199
67.626
67.6382
67.6382
67.6626
67.6656
67.6748
67.6748
67.6809
67.7084
67.7145
67.7145
67.7358
67.745
67.7602
67.7725
67.7877
67.7908
67.8152
67.8213
67.8243
67.8365
67.8426
67.8487
67.8762
67.8823
67.9006
67.925
67.925
67.925
67.9281
67.9464
67.9464
67.9586
67.9647
67.9647
67.9739
67.9769
67.9861
67.9861
67.9891
68.0013
68.0013
68.0013
68.0074
68.0135
68.0227
68.0441
68.0502
68.0502
68.0502
68.0532
68.0593
68.0624
68.0715
68.0776
68.0837
68.0837
68.1051
68.1112
68.1387
68.1448
68.1478
68.157
68.157
68.1906
68.1997
68.2119
68.215
68.2241
68.2546
68.2607
68.276
68.2852
68.2882
68.3004
68.3187
68.3248
68.3401
68.3493
68.3523
68.3523
68.395
68.4194
68.4225
68.4316
68.4561
68.4561
68.4561
68.4866
68.5018
68.5263
68.5293
68.5415
68.5415
68.5446
68.5751
68.5842
68.5934
68.6056
68.6392
68.6605
68.6636
68.6819
68.688
68.6972
68.7002
68.7185
68.7185
68.7216
68.7246
68.7246
68.7277
68.7368
68.7399
68.749
68.7521
68.7796
68.7857
68.7887
68.7979
68.8192
68.8253
68.8345
68.8437
68.8437
68.8742
68.8833
68.8925
68.8925
68.8986
68.9077
68.9413
68.9474
68.9535
68.9566
68.9962
69.0054
69.0146
69.0146
69.0237
69.0298
69.0298
69.039
69.0481
69.0573
69.0848
69.0878
69.0909
69.097
69.1061
69.1092
69.1092
69.1275
69.1763
69.1763
69.1794
69.2099
69.2251
69.2251
69.2282
69.2373
69.2404
69.2526
69.2557
69.2618
69.277
69.2892
69.2953
69.3106
69.3167
69.3228
69.3381
69.3503
69.3533
69.3777
69.4052
69.4082
69.4143
69.4235
69.4479
69.4876
69.5029
69.5059
69.509
69.5151
69.5212
69.5273
69.5395
69.5578
69.5669
69.57
69.57
69.57
69.5791
69.5822
69.5853
69.5944
69.5944
69.6066
69.6158
69.6402
69.6432
69.6524
69.6524
69.6585
69.6646
69.6738
69.6921
69.7012
69.7806
69.7806
69.7867
69.7897
69.8111
69.8111
69.8141
69.8294
69.8294
69.8508
69.8538
69.8569
69.8599
69.8599
69.866
69.8721
69.8874
69.8935
69.924
69.9332
69.9332
69.9362
69.9606
69.9911
70.0034
70.0217
70.0308
70.04
70.043
70.0644
70.101
70.101
70.1132
70.1407
70.1926
70.1926
70.2109
70.217
70.22
70.2292
70.2322
70.2414
70.2719
70.278
70.278
70.2872
70.3116
70.3116
70.3238
70.3299
70.333
70.3391
70.3421
70.3482
70.3757
70.3787
70.3818
70.3909
70.397
70.4306
70.4428
70.4489
70.452
70.4581
70.4642
70.4703
70.4764
70.4978
70.5008
70.5008
70.5069
70.51
70.513
70.5283
70.5374
70.5435
70.5557
70.5741
70.5741
70.5893
70.6046
70.6107
70.6259
70.632
70.6351
70.6412
70.6442
70.6687
70.6748
70.6778
70.6809
70.6992
70.7083
70.7144
70.7327
70.7419
70.7419
70.7541
70.7572
70.7633
70.7724
70.7938
70.7999
70.8182
70.8457
70.8609
70.8853
70.8914
70.8945
70.9037
70.9037
70.9067
70.9372
70.9525
70.9586
70.9647
70.983
70.9861
70.9891
70.9922
70.9922
70.9983
71.0013
71.0135
71.0166
71.0227
71.0318
71.0318
71.041
71.0562
71.0562
71.0654
71.0746
71.0776
71.0898
71.102
71.102
71.1081
71.1142
71.1264
71.1325
71.1386
71.1539
71.157
71.16
71.16
71.1631
71.1661
71.1753
71.1783
71.1936
71.1966
71.2088
71.218
71.2333
71.2424
71.2455
71.2516
71.2516
71.2729
71.2882
71.2943
71.3157
71.3309
71.3553
71.3584
71.3584
71.3767
71.3889
71.4011
71.4103
71.4194
71.4255
71.4408
71.456
71.4591
71.4621
71.4743
71.4805
71.4866
71.4927
71.511
71.5232
71.5354
71.5415
71.5629
71.5751
71.5934
71.5964
71.6025
71.6025
71.6178
71.63
71.6361
71.6514
71.6514
71.6514
71.688
71.7185
71.7338
71.7429
71.7612
71.7887
71.7887
71.7887
71.7948
71.8131
71.8314
71.8406
71.865
71.8986
71.9016
71.9047
71.9199
71.926
71.9291
71.9352
71.9474
71.9504
71.9688
71.9688
71.9901
72.0084
72.0115
72.0359
72.0359
72.042
72.0664
72.0969
72.1122
72.1213
72.1213
72.1274
72.1305
72.1488
72.1641
72.1885
72.1946
72.2007
72.219
72.219
72.2373
72.2556
72.2587
72.2587
72.2617
72.2709
72.2709
72.3289
72.3319
72.3472
72.3502
72.3655
72.3685
72.3716
72.3777
72.3808
72.3899
72.393
72.4021
72.4021
72.4052
72.4235
72.4235
72.4418
72.4601
72.4784
72.4815
72.4937
72.5028
72.512
72.5303
72.5455
72.5669
72.57
72.573
72.573
72.5761
72.5822
72.5883
72.6005
72.6371
72.6554
72.6676
72.6737
72.6798
72.6798
72.689
72.6981
72.7042
72.7165
72.7195
72.7195
72.7256
72.7348
72.7378
72.7439
72.7561
72.7714
72.7866
72.7927
72.7989
72.805
72.8263
72.8324
72.8385
72.8507
72.8538
72.8812
72.8812
72.8874
72.8874
72.8904
72.8935
72.9118
72.9179
72.9179
72.9209
72.9331
72.9331
72.9576
72.9637
72.9667
72.9759
73.0216
73.0216
73.0369
73.0399
73.0552
73.0949
73.0949
73.1162
73.1223
73.1284
73.1284
73.1284
73.1315
73.1376
73.1407
73.1468
73.1468
73.159
73.1681
73.1773
73.1895
73.1925
73.2017
73.2048
73.2749
73.2841
73.2933
73.2933
73.2963
73.3268
73.3299
73.3451
73.3604
73.3634
73.3726
73.3726
73.394
73.4001
73.4123
73.4245
73.4275
73.4306
73.4642
73.4764
73.5069
73.5282
73.5496
73.5679
73.5771
73.5862
73.6076
73.6168
73.6259
73.6564
73.6625
73.6717
73.6747
73.6778
73.6869
73.6961
73.7022
73.7114
73.7175
73.7236
73.7327
73.7449
73.751
73.751
73.809
73.8334
73.8487
73.8517
73.8578
73.8639
73.867
73.87
73.8731
73.8762
73.8762
73.8792
73.8853
73.8853
73.9006
73.928
73.9433
73.9738
73.9738
73.9891
73.9921
73.9982
74.0318
74.0379
74.0379
74.041
74.0501
74.0593
74.0715
74.0867
74.105
74.1142
74.1172
74.1234
74.1234
74.1325
74.1417
74.1417
74.1447
74.1478
74.1478
74.218
74.2271
74.2485
74.2515
74.2607
74.2698
74.2698
74.279
74.279
74.2821
74.2821
74.3034
74.3065
74.3095
74.3187
74.3217
74.3278
74.3309
74.3675
74.3736
74.398
74.4072
74.4133
74.4591
74.4774
74.4774
74.4804
74.5018
74.5201
74.5354
74.5354
74.5445
74.5476
74.5506
74.5537
74.5567
74.5567
74.5842
74.6055
74.6116
74.6116
74.6147
74.6391
74.6574
74.6605
74.6666
74.6666
74.6818
74.7032
74.7124
74.7154
74.7154
74.7429
74.752
74.7581
74.7673
74.7795
74.7917
74.7978
74.81
74.8192
74.8222
74.8253
74.8283
74.8283
74.8405
74.8436
74.8436
74.8619
74.865
74.868
74.8741
74.8802
74.8802
74.8894
74.9321
74.9321
74.9352
74.9352
74.9565
74.9565
74.9626
74.9626
74.9748
74.9779
74.9809
74.9809
74.9809
74.9931
75.0084
75.0206
75.042
75.0633
75.0725
75.0755
75.103
75.1061
75.1091
75.1091
75.1244
75.1366
75.1488
75.161
75.1671
75.1732
75.1854
75.1946
75.1976
75.2007
75.2129
75.2159
75.219
75.2312
75.2403
75.2556
75.2586
75.2861
75.2892
75.2922
75.2983
75.3075
75.3105
75.3349
75.3594
75.3807
75.3807
75.399
75.4234
75.4234
75.4265
75.4326
75.4448
75.4845
75.4875
75.4906
75.4936
75.4997
75.5303
75.5608
75.5608
75.5669
75.5669
75.576
75.5791
75.5882
75.6279
75.6432
75.6462
75.6462
75.6523
75.689
75.7012
75.7012
75.7073
75.7195
75.7256
75.7256
75.7775
75.808
75.808
75.811
75.8232
75.8263
75.8385
75.8476
75.8476
75.8507
75.866
75.8751
75.8843
75.8843
75.9178
75.924
75.9301
75.9362
75.9484
75.9636
75.9636
75.9667
75.985
76.0002
76.0033
76.0186
76.0216
76.0369
76.0369
76.0979
76.1071
76.1132
76.1132
76.1376
76.1437
76.1589
76.162
76.1925
76.1986
76.2261
76.2291
76.2352
76.2413
76.2658
76.281
76.2841
76.2871
76.2993
76.3115
76.3451
76.3512
76.3573
76.3634
76.3665
76.3695
76.3878
76.4122
76.4244
76.4275
76.4305
76.455
76.4641
76.4733
76.4794
76.4885
76.5099
76.513
76.5191
76.5496
76.5831
76.5862
76.5923
76.5923
76.6228
76.6381
76.6442
76.6564
76.6808
76.6808
76.7022
76.7174
76.7205
76.7205
76.7205
76.7296
76.7296
76.7479
76.7479
76.751
76.7815
76.7846
76.8029
76.8181
76.8273
76.8273
76.8303
76.8426
76.8426
76.8456
76.8517
76.8517
76.8578
76.87
76.8731
76.8853
76.8853
76.9219
76.925
76.9341
76.9341
76.9494
76.9555
76.9768
76.986
76.9951
76.9951
77.0104
77.0165
77.0257
77.0257
77.0318
77.047
77.0562
77.0653
77.0745
77.0776
77.0837
77.1294
77.1325
77.1416
77.1447
77.1508
77.1661
77.1752
77.1752
77.1813
77.1874
77.1874
77.1996
77.221
77.2637
77.2668
77.279
77.2942
77.3003
77.3492
77.3522
77.3675
77.3919
77.4163
77.4285
77.4377
77.4773
77.4834
77.4865
77.4926
77.4926
77.4957
77.5353
77.5353
77.5384
77.5414
77.5414
77.5689
77.575
77.5872
77.5933
77.5964
77.6025
77.6086
77.6116
77.633
77.6421
77.6788
77.6818
77.6849
77.694
77.6971
77.7093
77.7429
77.7734
77.7856
77.8283
77.8314
77.8436
77.8527
77.8649
77.868
77.868
77.8802
77.8832
77.8924
77.8954
77.8985
77.9016
77.9138
77.9565
77.9687
77.9717
77.9778
77.9901
77.9931
78.0145
78.045
78.0602
78.0663
78.0663
78.1152
78.1335
78.1426
78.1457
78.1487
78.1518
78.1762
78.1823
78.1945
78.2098
78.225
78.2281
78.2403
78.2403
78.2495
78.2617
78.2617
78.2617
78.2647
78.2678
78.2769
78.28
78.283
78.2952
78.2983
78.3074
78.3135
78.3166
78.3288
78.341
78.3441
78.3441
78.3624
78.3654
78.3685
78.3715
78.4112
78.4326
78.4539
78.4783
78.4814
78.4967
78.5089
78.5241
78.5363
78.5394
78.5424
78.6279
78.634
78.6401
78.6401
78.6706
78.6737
78.6767
78.6767
78.6889
78.695
78.7042
78.7286
78.7317
78.7347
78.7561
78.7652
78.7835
78.7927
78.7927
78.8141
78.8263
78.8354
78.8385
78.8415
78.8598
78.8629
78.8629
78.8812
78.8812
78.8965
78.8995
78.9209
78.93
78.9361
78.9422
78.9636
78.9789
79.0002
79.0124
79.0155
79.0429
79.0643
79.0643
79.0704
79.0887
79.0979
79.0979
79.104
79.1253
79.1284
79.1559
79.1986
79.2077
79.2138
79.2261
79.2352
79.2413
79.2474
79.2505
79.2596
79.2657
79.2718
79.2718
79.2779
79.281
79.3084
79.3146
79.3176
79.3329
79.3359
79.3359
79.342
79.3481
79.3603
79.3817
79.3847
79.397
79.4092
79.4214
79.4427
79.4549
79.4641
79.4733
79.4763
79.4794
79.4794
79.4794
79.4946
79.5038
79.516
79.5251
79.5434
79.5526
79.6289
79.632
79.6564
79.6899
79.6991
79.6991
79.7143
79.7174
79.7205
79.7266
79.754
79.7662
79.7906
79.7906
79.7998
79.7998
79.8273
79.8517
79.87
79.8853
79.8975
79.8975
79.9036
79.9127
79.9219
79.9341
79.9371
79.9402
79.9524
79.9738
79.9768
80.0012
80.0043
80.0104
80.047
80.0714
80.0745
80.0745
80.0928
80.1019
80.105
80.1263
80.1263
80.1324
80.1416
80.1477
80.1691
80.1904
80.2301
80.2362
80.2423
80.2545
80.2545
80.2576
80.2667
80.2728
80.2728
80.2942
80.2942
80.3125
80.3125
80.3156
80.3217
80.3369
80.34
80.3491
80.398
80.401
80.4041
80.4132
80.4254
80.4315
80.4315
80.4468
80.4559
80.4621
80.4743
80.4804
80.4865
80.4987
80.5078
80.5231
80.5353
80.5444
80.5444
80.5597
80.5628
80.575
80.5994
80.6116
80.6177
80.6269
80.6482
80.6787
80.6787
80.7001
80.7184
80.7306
80.755
80.755
80.7703
80.7733
80.7825
80.7978
80.7978
80.7978
80.813
80.8191
80.8283
80.8496
80.8863
80.8954
80.9046
80.9259
80.9473
80.9473
80.9503
80.9534
80.9748
80.9748
80.9931
80.9931
81.0175
81.0205
81.0236
81.0266
81.0297
81.0358
81.045
81.0602
81.0633
81.0633
81.0846
81.0968
81.1029
81.109
81.1182
81.1243
81.1335
81.1487
81.1518
81.1579
81.1609
81.2098
81.2128
81.2128
81.222
81.222
81.2403
81.2464
81.2647
81.2708
81.3105
81.3257
81.3532
81.3654
81.3715
81.3807
81.3929
81.402
81.4051
81.4081
81.4112
81.4203
81.4295
81.4295
81.4295
81.4325
81.4447
81.4539
81.457
81.4692
81.4844
81.4875
81.5058
81.5058
81.518
81.5241
81.5241
81.5332
81.5455
81.5546
81.5577
81.5638
81.5729
81.579
81.6126
81.6279
81.6309
81.637
81.6553
81.6675
81.6675
81.6797
81.6858
81.7103
81.7194
81.7255
81.7286
81.7316
81.7316
81.7377
81.7377
81.7652
81.7682
81.7774
81.7804
81.7866
81.811
81.8171
81.8232
81.8293
81.8323
81.8323
81.8354
81.8415
81.8476
81.8506
81.8537
81.8537
81.8781
81.9025
81.9147
81.933
81.9391
81.9422
81.9697
81.988
81.988
81.991
81.9941
82.0002
82.0063
82.0154
82.0185
82.0338
82.0368
82.0399
82.0612
82.0765
82.0826
82.0887
82.1009
82.1345
82.1589
82.168
82.1802
82.1986
82.1986
82.2016
82.2138
82.226
82.2321
82.2535
82.2535
82.281
82.3328
82.3481
82.3542
82.3603
82.3725
82.3756
82.3878
82.4061
82.4183
82.4213
82.4274
82.4335
82.4366
82.4458
82.4671
82.4732
82.4793
82.4946
82.5007
82.5037
82.5129
82.5312
82.5495
82.5617
82.5678
82.5678
82.5709
82.5739
82.5892
82.6044
82.6105
82.6197
82.6411
82.6716
82.6777
82.6807
82.6868
82.7021
82.7143
82.7174
82.7204
82.7357
82.7357
82.7387
82.7601
82.7631
82.7662
82.7876
82.7876
82.7967
82.7998
82.8059
82.8059
82.8059
82.812
82.815
82.815
82.8577
82.8639
82.873
82.8791
82.8913
82.9005
82.9127
82.9218
82.9341
82.9371
82.9402
82.9524
82.9676
82.9768
82.9859
82.992
83.0134
83.0348
83.0378
83.0378
83.05
83.0561
83.0836
83.0836
83.0927
83.1019
83.1324
83.1324
83.169
83.1935
83.2057
83.2148
83.2179
83.224
83.224
83.2484
83.2514
83.2545
83.2667
83.2728
83.2789
83.282
83.285
83.3125
83.3216
83.343
83.3491
83.3613
83.3766
83.3857
83.3918
83.3979
83.4101
83.4101
83.4101
83.4132
83.4162
83.4254
83.4376
83.4498
83.4559
83.4559
83.4559
83.4773
83.5047
83.52
83.5383
83.5444
83.5444
83.5627
83.5658
83.5658
83.578
83.581
83.5871
83.6024
83.6085
83.6116
83.6177
83.6238
83.6268
83.6512
83.6726
83.6756
83.6817
83.694
83.694
83.697
83.7001
83.7092
83.7214
83.7245
83.7397
83.7458
83.7489
83.7519
83.7733
83.7764
83.7794
83.7825
83.7855
83.7886
83.8191
83.8252
83.8679
83.8771
83.8771
83.8832
83.8832
83.8862
83.8893
83.8954
83.8954
83.8984
83.932
83.9381
83.9534
83.9534
83.9625
83.9656
83.9656
83.9686
83.9747
83.9839
83.9839
83.99
83.9961
84.0083
84.0083
84.0114
84.0114
84.0266
84.0297
84.0388
84.0663
84.0663
84.0724
84.0724
84.0968
84.1151
84.1182
84.1182
84.1304
84.1304
84.1365
84.1426
84.1456
84.1456
84.1548
84.1609
84.1762
84.1853
84.1914
84.2067
84.2311
84.2372
84.2647
84.2738
84.2982
84.3135
84.3135
84.3196
84.3318
84.341
84.3562
84.3867
84.3898
84.3898
84.3928
84.402
84.4203
84.4203
84.4325
84.4478
84.4478
84.46
84.4813
84.4905
84.4996
84.4996
84.5027
84.5119
84.518
84.5332
84.5393
84.5393
84.5546
84.5576
84.5607
84.5637
84.5637
84.5729
84.5759
84.5759
84.5759
84.5759
84.579
84.5882
84.5912
84.6095
84.6187
84.6217
84.64
84.6461
84.6614
84.6644
84.6675
84.6889
84.6919
84.695
84.7194
84.7255
84.7346
84.7499
84.7499
84.7835
84.814
84.8292
84.8323
84.8323
84.8384
84.8506
84.8506
84.8567
84.8567
84.8598
84.8628
84.8903
84.8964
84.9117
84.9147
84.9147
84.9178
84.9239
84.9239
84.9269
84.9422
84.9635
84.9666
84.9788
85.0124
85.0154
85.0246
85.0246
85.0337
85.0337
85.0368
85.0429
85.0429
85.0978
85.107
85.1131
85.1344
85.1466
85.1527
85.165
85.2046
85.2107
85.2199
85.229
85.2321
85.2321
85.2474
85.2504
85.2504
85.287
85.342
85.3511
85.3633
85.3877
85.3908
85.3999
85.4152
85.4305
85.4305
85.4305
85.4427
85.461
85.4671
85.4671
85.519
85.519
85.5281
85.5403
85.5403
85.5403
85.5739
85.577
85.5831
85.5831
85.5831
85.5953
85.6105
85.6258
85.6502
85.6502
85.6533
85.6655
85.6655
85.6655
85.6746
85.6838
85.6868
85.7021
85.7082
85.7173
85.7173
85.7173
85.7234
85.7356
85.7356
85.7418
85.7448
85.7784
85.7936
85.8028
85.8058
85.815
85.818
85.8242
85.8242
85.8303
85.8455
85.8547
85.8669
85.8791
85.8943
85.8943
85.9188
85.934
85.9401
85.9615
85.9676
85.9706
85.9737
85.9767
85.989
86.0042
86.0164
86.0225
86.0225
86.0256
86.0256
86.05
86.05
86.0622
86.0744
86.0866
86.0958
86.0988
86.1324
86.1415
86.1446
86.1721
86.1873
86.1965
86.1995
86.2117
86.2148
86.2239
86.23
86.2514
86.2545
86.2545
86.2575
86.2606
86.2667
86.2728
86.2789
86.2972
86.3002
86.3002
86.3124
86.3124
86.3124
86.3155
86.3186
86.3186
86.3247
86.3338
86.3582
86.3613
86.3643
86.3765
86.3796
86.3826
86.3979
86.4009
86.404
86.4101
86.4132
86.4162
86.4193
86.4376
86.4589
86.462
86.4834
86.5017
86.5047
86.5139
86.5261
86.5322
86.5719
86.578
86.578
86.5932
86.5993
86.5993
86.6115
86.6451
86.6726
86.6756
86.6756
86.6817
86.6848
86.6939
86.697
86.7
86.7489
86.7611
86.7733
86.7733
86.7763
86.7794
86.7794
86.7855
86.7885
86.8099
86.8099
86.8099
86.8221
86.8374
86.8404
86.8587
86.8618
86.8648
86.8679
86.8679
86.8679
86.8709
86.8831
86.8831
86.8831
86.9076
86.9076
86.9533
86.9594
86.9778
86.9778
87.0174
87.0296
87.0418
87.0418
87.0663
87.0754
87.0876
87.0998
87.1242
87.1364
87.1548
87.1883
87.2005
87.2005
87.2188
87.2219
87.225
87.2402
87.2494
87.2524
87.2555
87.2616
87.2646
87.2768
87.2799
87.286
87.3043
87.3074
87.3074
87.3165
87.3196
87.3226
87.3287
87.3562
87.3623
87.3653
87.3867
87.4722
87.5088
87.5149
87.5271
87.5362
87.5484
87.5546
87.5729
87.5729
87.5759
87.5759
87.5881
87.6003
87.6034
87.6095
87.6278
87.6431
87.6492
87.6522
87.6888
87.6949
87.698
87.7163
87.7438
87.7468
87.7499
87.7529
87.7773
87.8323
87.8353
87.8353
87.8567
87.8628
87.875
87.8781
87.8842
87.8872
87.8994
87.8994
87.9055
87.9116
87.9421
87.9604
87.9604
87.9818
87.9849
88.0062
88.0062
88.0093
88.0245
88.0306
88.0367
88.0428
88.0428
88.0581
88.0581
88.0612
88.0703
88.0734
88.0978
88.1191
88.1283
88.1405
88.1863
88.1863
88.1893
88.1954
88.2321
88.2351
88.2443
88.2504
88.2626
88.2656
88.2687
88.2717
88.2778
88.2809
88.2962
88.3023
88.3175
88.3694
88.3724
88.3785
88.3877
88.3908
88.3969
88.4243
88.4274
88.4335
88.4426
88.4579
88.461
88.4671
88.5037
88.5037
88.5037
88.5342
88.5342
88.5372
88.5372
88.5495
88.5525
88.5525
88.5647
88.5861
88.5891
88.5922
88.5922
88.5922
88.6105
88.6166
88.638
88.638
88.6532
88.6624
88.6715
88.6776
88.6929
88.7173
88.7204
88.7265
88.7295
88.7356
88.7631
88.7692
88.7783
88.7814
88.7814
88.8089
88.8089
88.815
88.8577
88.8943
88.9004
88.9035
88.9065
88.9065
88.9065
88.9157
88.9431
88.9431
88.9645
88.9645
88.9767
88.9798
88.9828
89.0103
89.0408
89.0469
89.0469
89.05
89.0561
89.0591
89.0652
89.0805
89.0896
89.0896
89.1049
89.1049
89.1079
89.1201
89.1293
89.1415
89.1507
89.1537
89.1537
89.1659
89.172
89.1781
89.1781
89.1812
89.1934
89.1995
89.2087
89.2239
89.227
89.23
89.2331
89.2483
89.2544
89.2666
89.2911
89.2972
89.3002
89.3399
89.3399
89.349
89.3735
89.3826
89.407
89.4223
89.4528
89.5047
89.5047
89.5077
89.5108
89.5138
89.5199
89.526
89.5413
89.5413
89.5566
89.5627
89.5718
89.581
89.584
89.5962
89.5962
89.5962
89.6054
89.6085
89.6176
89.6542
89.6664
89.6786
89.6817
89.6908
89.7244
89.7366
89.7397
89.7397
89.7458
89.7458
89.7549
89.7824
89.8038
89.8038
89.8038
89.8129
89.816
89.819
89.8404
89.8465
89.8617
89.8648
89.8801
89.8801
89.8801
89.8831
89.9014
89.9075
89.9106
89.9136
89.9197
89.9228
89.9289
89.935
89.938
89.938
89.9442
89.9564
89.9808
90.0082
90.0143
90.0174
90.0296
90.0296
90.051
90.054
90.0693
90.0723
90.0784
90.0845
90.0998
90.1059
90.1212
90.1303
90.1425
90.1578
90.1608
90.1639
90.1669
90.1791
90.2066
90.2249
90.2341
90.2402
90.2402
90.2554
90.2585
90.2615
90.2829
90.289
90.3165
90.3195
90.3317
90.3439
90.3531
90.3714
90.3836
90.3836
90.3928
90.405
90.408
90.4141
90.4355
90.4416
90.4477
90.4477
90.4691
90.4874
90.5026
90.5271
90.5362
90.5454
90.5515
90.5698
90.5972
90.5972
90.6064
90.6156
90.6186
90.643
90.6796
90.6827
90.701
90.7041
90.7163
90.7254
90.7285
90.762
90.7682
90.7712
90.7743
90.7773
90.7956
90.8017
90.8078
90.8078
90.8139
90.8231
90.8322
90.8475
90.8567
90.8658
90.8689
90.8719
90.878
90.8811
90.8963
90.9482
90.9543
90.9635
90.9909
90.997
91.0031
91.0123
91.0154
91.0489
91.052
91.055
91.0672
91.0672
91.0703
91.0733
91.0764
91.0886
91.1161
91.1191
91.1405
91.1435
91.1496
91.174
91.1802
91.2015
91.2046
91.2107
91.2137
91.2229
91.2259
91.2442
91.2534
91.2717
91.29
91.3236
91.3266
91.3419
91.3755
91.3846
91.3877
91.3999
91.4121
91.4518
91.4609
91.4609
91.4609
91.4609
91.4792
91.4975
91.4975
91.5036
91.5098
91.522
91.522
91.5311
91.5403
91.5494
91.5586
91.5677
91.5769
91.586
91.6044
91.6349
91.6471
91.6623
91.6654
91.6837
91.6898
91.6929
91.699
91.7051
91.7142
91.7478
91.757
91.76
91.7966
91.8119
91.8271
91.8363
91.8363
91.8455
91.8485
91.8516
91.8516
91.8577
91.8577
91.8607
91.8638
91.879
91.8851
91.9065
91.934
91.934
91.937
91.9492
92.0042
92.0042
92.0438
92.0438
92.0438
92.0652
92.0682
92.0682
92.0865
92.0957
92.1049
92.1354
92.1415
92.1476
92.1751
92.1842
92.1842
92.1995
92.2025
92.2025
92.2056
92.2086
92.2208
92.2361
92.2483
92.2514
92.2727
92.2758
92.2819
92.2819
92.2849
92.288
92.3002
92.3124
92.3185
92.3246
92.3246
92.3246
92.3277
92.3307
92.3429
92.3429
92.3429
92.349
92.349
92.3521
92.3521
92.3551
92.3551
92.3673
92.3704
92.3795
92.3917
92.4223
92.4345
92.4406
92.4406
92.4497
92.465
92.4802
92.4833
92.4955
92.4986
92.4986
92.5016
92.5108
92.5169
92.5199
92.5565
92.5687
92.5809
92.5901
92.6084
92.6176
92.6206
92.6298
92.6359
92.642
92.645
92.6542
92.6633
92.6664
92.6725
92.6847
92.6969
92.6969
92.7
92.7061
92.7274
92.7335
92.7366
92.7427
92.7458
92.7488
92.7549
92.7854
92.7854
92.7915
92.7946
92.7976
92.8037
92.8068
92.822
92.822
92.8251
92.8281
92.8434
92.8465
92.8495
92.8617
92.8648
92.8678
92.88
92.8831
92.8831
92.8953
92.9075
92.9167
92.9228
92.9563
92.9624
92.9716
92.9777
92.9777
92.996
93.0021
93.0082
93.0326
93.057
93.0631
93.0631
93.0693
93.0693
93.0693
93.0723
93.0754
93.0754
93.1028
93.112
93.112
93.1211
93.1516
93.1639
93.1669
93.1761
93.1791
93.1791
93.2066
93.2585
93.2585
93.2829
93.292
93.3042
93.3042
93.3103
93.3195
93.3225
93.3256
93.347
93.35
93.3531
93.3531
93.3592
93.3744
93.3958
93.3958
93.4172
93.4202
93.4263
93.4385
93.4477
93.4629
93.469
93.4751
93.4782
93.4935
93.4996
93.5118
93.5148
93.5209
93.5392
93.5423
93.5423
93.5514
93.5636
93.5667
93.585
93.6033
93.6521
93.6552
93.6583
93.6613
93.6735
93.6766
93.6827
93.6949
93.6949
93.6979
93.704
93.7193
93.7223
93.7376
93.7437
93.7468
93.7681
93.7803
93.7834
93.8169
93.8261
93.8322
93.8322
93.8383
93.8383
93.8475
93.8505
93.8719
93.8932
93.8932
93.8963
93.9055
93.9085
93.9146
93.9268
93.9299
93.936
93.9512
93.9573
93.9665
93.9726
93.9787
93.9818
93.9879
93.997
93.997
94.0062
94.0153
94.0214
94.0245
94.0428
94.0428
94.0703
94.0916
94.1191
94.1343
94.1618
94.1649
94.1832
94.2015
94.2106
94.2259
94.2351
94.2442
94.2564
94.2564
94.2564
94.2656
94.2808
94.2961
94.3175
94.3205
94.3327
94.348
94.3541
94.3815
94.3998
94.4426
94.4456
94.4548
94.47
94.4731
94.4762
94.4792
94.528
94.528
94.5463
94.5585
94.5708
94.6013
94.6074
94.6135
94.641
94.644
94.644
94.6501
94.6593
94.6684
94.6715
94.6745
94.6745
94.6837
94.702
94.7111
94.7111
94.7142
94.7295
94.7295
94.7661
94.7935
94.8302
94.8393
94.8485
94.8729
94.8729
94.879
94.8882
94.9065
94.9065
94.9187
94.9217
94.9431
94.9583
94.9583
94.9675
95.0011
95.0041
95.0133
95.0133
95.0163
95.0163
95.0255
95.0255
95.0255
95.0346
95.056
95.0591
95.0652
95.0682
95.0682
95.0835
95.0987
95.1079
95.114
95.1262
95.1353
95.1353
95.1476
95.1537
95.1628
95.1659
95.172
95.172
95.1964
95.2086
95.2178
95.2605
95.2635
95.2757
95.2757
95.2879
95.2879
95.3093
95.3124
95.3276
95.3398
95.3429
95.3551
95.3734
95.3856
95.3886
95.3917
95.3948
95.4009
95.4039
95.4131
95.4253
95.4314
95.4466
95.4497
95.4588
95.4619
95.4711
95.4772
95.5016
95.5138
95.5229
95.529
95.5535
95.5596
95.5687
95.5809
95.5901
95.5901
95.6175
95.6236
95.6236
95.645
95.6542
95.6633
95.6755
95.6877
95.6908
95.703
95.7091
95.7152
95.7244
95.7335
95.7366
95.7366
95.761
95.764
95.7671
95.7701
95.7732
95.7793
95.7945
95.7945
95.7976
95.7976
95.8037
95.8098
95.8342
95.8434
95.8495
95.8495
95.8495
95.8922
95.8953
95.9075
95.9105
95.9166
95.9197
95.9288
95.9655
95.9685
95.9868
95.9899
95.999
96.0143
96.054
96.057
96.0662
96.0692
96.0723
96.0845
96.0875
96.1028
96.1089
96.115
96.1302
96.1302
96.1333
96.1425
96.1516
96.1516
96.1608
96.1669
96.1669
96.173
96.1913
96.1974
96.2096
96.2188
96.2188
96.2218
96.2279
96.2584
96.2615
96.2981
96.3012
96.3286
96.3774
96.3988
96.408
96.4232
96.4232
96.4293
96.4324
96.4446
96.4446
96.4812
96.4873
96.5148
96.527
96.53
96.5606
96.585
96.6063
96.6094
96.6124
96.6155
96.6308
96.643
96.6613
96.6887
96.7101
96.7254
96.7406
96.7437
96.7528
96.762
96.7895
96.7925
96.7956
96.7986
96.8017
96.8169
96.823
96.8322
96.8352
96.8444
96.8505
96.8566
96.878
96.8871
96.9024
96.9024
96.9085
96.9146
96.9451
96.9512
96.9573
96.9604
96.9726
96.9909
96.9939
97.0153
97.0305
97.0336
97.0397
97.0458
97.0519
97.055
97.0611
97.0733
97.0794
97.119
97.119
97.1313
97.1679
97.1709
97.1862
97.1892
97.1954
97.2106
97.2259
97.2259
97.2289
97.2411
97.2503
97.2625
97.2716
97.2869
97.29
97.2961
97.3022
97.3144
97.3174
97.3174
97.3235
97.3357
97.3724
97.3907
97.4059
97.4059
97.4151
97.4181
97.4242
97.4273
97.4487
97.4548
97.4578
97.4578
97.4609
97.47
97.4761
97.4792
97.4853
97.5066
97.5158
97.5188
97.5249
97.5463
97.5585
97.5646
97.5829
97.5951
97.6104
97.6226
97.647
97.6501
97.6592
97.6745
97.702
97.7111
97.7142
97.7386
97.7447
97.7691
97.7721
97.7935
97.7966
97.8149
97.821
97.8332
97.8332
97.8637
97.8759
97.879
97.879
97.882
97.8851
97.9247
97.9247
97.9278
97.9308
97.9308
97.943
97.9644
97.9644
97.9766
97.9858
97.9919
98.0132
98.0163
98.0316
98.0438
98.0529
98.056
98.056
98.056
98.0682
98.0712
98.0834
98.0865
98.0895
98.0895
98.0926
98.0956
98.0987
98.0987
98.1017
98.1048
98.117
98.1231
98.1292
98.1475
98.1536
98.1536
98.1536
98.1689
98.175
98.1811
98.1811
98.1842
98.1842
98.2116
98.2177
98.2238
98.2269
98.233
98.2391
98.2696
98.2788
98.2849
98.291
98.2971
98.3093
98.3123
98.3428
98.3612
98.3825
98.3886
98.3886
98.3917
98.3947
98.4039
98.4222
98.4222
98.4375
98.4619
98.4649
98.4863
98.4985
98.5015
98.5015
98.526
98.526
98.5321
98.5351
98.5504
98.5504
98.5534
98.5656
98.6053
98.6084
98.6297
98.6358
98.6572
98.6938
98.6969
98.706
98.706
98.7182
98.7304
98.7671
98.7762
98.7915
98.7915
98.822
98.8311
98.8494
98.8861
98.8922
98.9074
98.9105
98.9135
98.9196
98.9196
98.9227
98.9319
98.9715
98.9746
98.9746
98.9898
98.9959
99.002
99.0051
99.0173
99.0356
99.0478
99.0478
99.0539
99.0631
99.0692
99.0814
99.0905
99.0966
99.1119
99.118
99.1241
99.1272
99.1485
99.1546
99.1577
99.173
99.1821
99.1852
99.2035
99.2096
99.2126
99.2218
99.2279
99.2462
99.2462
99.2615
99.2706
99.292
99.295
99.295
99.3286
99.3408
99.3439
99.353
99.3591
99.3622
99.3927
99.3957
99.4018
99.4385
99.4415
99.4659
99.469
99.4751
99.4812
99.5025
99.5758
99.5941
99.5941
99.6033
99.6124
99.6216
99.6399
99.6429
99.6551
99.6612
99.7528
99.7559
99.7559
99.7589
99.7681
99.7772
99.7803
99.7894
99.7894
99.8016
99.8199
99.8199
99.8382
99.8413
99.8596
99.8718
99.8993
99.9207
99.9237
99.942
99.9664
99.9939
